0.00654
0.006489
0.006437
0.006384
0.00633
0.006276
0.006221
0.006165
0.006108
0.006051
0.005994
0.005935
0.005877
0.005817
0.005758
0.005698
0.005637
0.005576
0.005515
0.005453
0.005391
0.005329
0.005266
0.005203
0.00514
0.005077
-4.906
-4.418
-3.984
-3.598
-3.255
-2.949
-2.678
-2.436
-2.221
-2.03
-1.86
-1.709
-1.574
-1.454
-1.346
-1.248
-1.157
-1.068
-0.9761
-0.875
-0.7587
-0.6234
-0.4712
-0.3
-0.1074
0.1029
0.3276
0.5637
0.809
1.062
1.321
1.586
1.855
2.128
2.404
2.684
2.965
3.25
3.536
3.825
4.116
4.409
4.704
5.002
5.303
5.683
5.997
6.323
6.66
7
7.364
7.743
8.138
8.554
8.99
9.452
9.943
10.47
11.03
11.64
12.3
13.03
13.84
14.76
15.83
17.13
18.78
21.11
25.09
27.55
28.82
30.21
31.9
49.49
69.23
76.34
81.46
87.28
94.31
102.4
111.2
120.7
130.8
141.2
152.2
163.4
175
186.9
198.3
204.7
212
219.7
227.6
235.5
243.4
251.3
259.2
266.9
274.3
281.6
301.4
309.3
316.9
324.3
331.6
338.7
345.9
353.8
366.4
374
380.2
386.1
391.5
396.6
401.4
409.1
415.3
422.7
438.6
441.6
446.2
450.6
454.5
458.1
461.3
460.7
456.6
453.3
450.5
447.9
445.1
441.9
438
433.1
426.9
419.1
410.1
399.9
388.8
376.9
364.3
351
336.2
322.1
308.3
294.1
277.7
259.5
244.2
229.3
215
201.2
188.1
175.6
163.8
152.6
142.1
132.3
123.1
114.6
106.6
99.17
92.3
85.93
80.04
74.59
69.56
64.92
60.63
56.68
53.04
49.68
46.58
43.73
41.1
38.67
36.43
34.36
32.45
30.69
29.06
27.55
26.16
24.87
23.67
22.57
21.54
20.58
19.7
18.87
18.1
17.39
16.72
16.1
15.52
14.98
14.48
14
13.56
13.15
12.76
12.39
12.05
11.73
11.43
11.15
10.88
10.63
10.39
10.17
9.962
9.764
9.577
9.401
9.234
9.077
8.929
8.788
8.655
8.529
8.41
8.297
8.19
8.088
7.992
7.9
7.813
7.731
7.653
7.578
7.507
7.44
7.375
7.314
7.256
7.2
7.173
7.161
7.164
7.178
7.202
7.235
7.276
7.324
7.378
7.437
7.5
7.568
7.638
7.711
7.786
7.864
7.942
8.022
8.103
8.185
8.267
8.35
8.433
8.515
8.598
8.68
8.762
8.843
8.924
9.004
9.083
9.161
9.239
9.316
9.391
9.466
9.54
9.613
9.684

