1.94949
1.46629
0.870977
0.625472
0.452355
0.327122
0.241503
0.183991
0.144651
0.116824
0.096436
0.0810279
0.0690784
0.0596115
0.0519773
0.0457279
0.0405455
0.0361993
0.032518
0.0293721
0.0266623
0.0243116
0.0222589
0.0204559
0.0188637
0.0174505
0.0161904
0.0150621
0.0140478
0.0131325
0.0123039
0.0115512
0.0108655
0.0102389
0.009665
0.0091379
0.00865266
0.00820497
0.00779104
0.00740756
0.0070516
0.0067206
0.00641227
0.0061246
0.00585577
0.00560418
0.00536838
0.0051471
0.00493916
0.00474352
0.00455923
0.00438543
0.00422135
0.00406628
0.00391957
0.00378065
0.00364897
0.00352404
0.00340541
0.00329268
0.00318545
0.00308338
0.00298615
0.00289346
0.00280503
0.0027206
0.00263995
0.00256285
0.0024891
0.0024185
0.00235089
0.00228609
0.00222396
0.00216435
0.00210713
0.00205216
0.00199934
0.00194856
0.00189971
0.00185269
0.00180742
0.0017638
0.00172177
0.00168124
0.00164214
0.0016044
0.00156797
0.00153278
0.00149878
0.00146591
0.00143412
0.00140337
0.00137361
0.0013448
0.00131689
0.00128985
0.00126364
0.00123823
0.00121359
0.00118968
