0.006
0.003
0.0661704
0.0348323
0.017134
0.00867413
0.00522256
0.00357744
0.00264725
0.00205269
0.00164232
0.00134491
0.00112191
0.000950267
0.000815329
0.000707322
0.000619524
0.000547185
0.000486873
0.000436056
0.000392837
0.00035577
0.000323738
0.000295865
0.00027146
0.000249969
0.000230945
0.000214023
0.000198903
0.000185338
0.000173121
0.000162078
0.000152064
0.000142954
0.000134643
0.000127038
0.000120063
0.000113649
0.000107738
0.000102278
9.72244e-05
9.25377e-05
8.81831e-05
8.413e-05
8.03511e-05
7.68221e-05
7.35213e-05
7.04296e-05
6.75295e-05
6.48056e-05
6.22437e-05
5.98313e-05
5.7557e-05
5.54103e-05
5.33819e-05
5.14632e-05
4.96464e-05
4.79245e-05
4.62909e-05
4.47397e-05
4.32653e-05
4.18629e-05
4.05278e-05
3.92557e-05
3.80428e-05
3.68854e-05
3.57801e-05
3.4724e-05
3.3714e-05
3.27476e-05
3.18223e-05
3.09357e-05
3.00858e-05
2.92705e-05
2.84881e-05
2.77366e-05
2.70146e-05
2.63205e-05
2.56529e-05
2.50104e-05
2.43918e-05
2.3796e-05
2.32218e-05
2.26683e-05
2.21343e-05
2.16191e-05
2.11217e-05
2.06414e-05
2.01773e-05
1.97288e-05
1.92951e-05
1.88757e-05
1.84699e-05
1.80771e-05
1.76968e-05
1.73285e-05
1.69717e-05
1.66258e-05
1.62906e-05
1.59655e-05
1.56501e-05
1.53442e-05
1.50472e-05
1.47589e-05
1.4479e-05
1.42071e-05
1.3943e-05
1.36863e-05
1.34368e-05
1.31943e-05
1.29585e-05
1.27291e-05
1.25059e-05
1.22888e-05
1.20775e-05
1.18719e-05
1.16716e-05
1.14767e-05
1.12868e-05
1.11018e-05
1.09216e-05
1.07461e-05
1.0575e-05
1.04082e-05
1.02457e-05
1.00872e-05
9.93264e-06
9.78192e-06
9.63492e-06
9.49153e-06
9.35163e-06
9.21512e-06
9.08192e-06
8.95191e-06
8.82501e-06
8.70113e-06
8.58018e-06
8.46208e-06
8.34676e-06
8.23413e-06
8.12411e-06
8.01664e-06
7.91165e-06
7.80906e-06
7.70882e-06
7.61085e-06
7.51509e-06
7.42149e-06
7.32999e-06
7.24053e-06
7.15305e-06
7.0675e-06
6.98383e-06
6.90198e-06
6.82192e-06
6.74359e-06
6.66694e-06
6.59193e-06
6.51852e-06
6.44667e-06
6.37632e-06
6.30744e-06
6.24e-06
6.17395e-06
6.10926e-06
6.04588e-06
5.98379e-06
5.92295e-06
5.86332e-06
5.80488e-06
5.74759e-06
5.69142e-06
5.63633e-06
5.58231e-06
5.52931e-06
5.47732e-06
5.42631e-06
5.37624e-06
5.3271e-06
5.27885e-06
5.23147e-06
5.18494e-06
5.13924e-06
5.09433e-06
5.05021e-06
5.00684e-06
4.96421e-06
4.92229e-06
4.88107e-06
4.84052e-06
4.80063e-06
4.76138e-06
4.72274e-06
4.68471e-06
4.64726e-06
4.61037e-06
4.57404e-06
4.53824e-06
4.50297e-06
4.46819e-06
4.43391e-06
4.4001e-06
4.36675e-06
4.33385e-06
4.30138e-06
4.26934e-06
4.2377e-06
4.20646e-06
4.17561e-06
4.14513e-06
4.11501e-06
4.08525e-06
4.05582e-06
4.02673e-06
3.99796e-06
3.9695e-06
3.94135e-06
3.91348e-06
3.88591e-06
3.85861e-06
3.83157e-06
3.8048e-06
3.77828e-06
3.75201e-06
3.72597e-06
3.70016e-06
3.67458e-06
3.64922e-06
3.62407e-06
3.59912e-06
3.57437e-06
3.54982e-06
3.52545e-06
3.50127e-06
3.47727e-06
3.45344e-06
3.42978e-06
3.40628e-06
3.38294e-06
3.35976e-06
3.33672e-06
3.31384e-06
3.2911e-06
3.2685e-06
3.24603e-06
3.2237e-06
3.2015e-06
3.17943e-06
3.15748e-06
3.13565e-06
3.11394e-06
3.09235e-06
3.07087e-06
3.0495e-06
3.02824e-06
3.00709e-06
2.98605e-06
2.96511e-06
2.94427e-06
2.92353e-06
2.90289e-06
2.88234e-06
2.8619e-06
2.84154e-06
2.82128e-06
2.80111e-06
2.78103e-06
2.76104e-06
2.74114e-06
2.72133e-06
2.7016e-06
2.68196e-06
2.66241e-06
2.64294e-06
2.62356e-06
2.60425e-06
2.58504e-06
2.5659e-06
2.54685e-06
2.52787e-06
2.50898e-06
2.49017e-06
2.47144e-06
2.4528e-06
2.43423e-06
2.41574e-06
2.39733e-06
2.37901e-06
2.36076e-06
2.34259e-06
2.32451e-06
2.3065e-06
2.28857e-06
2.27073e-06
2.25296e-06
2.23528e-06
2.21767e-06
2.20014e-06
2.1827e-06
2.16534e-06
2.14805e-06
2.13085e-06
2.11373e-06
2.09669e-06
2.07973e-06
2.06286e-06
2.04607e-06
2.02935e-06
2.01273e-06
1.99618e-06
1.97972e-06
1.96334e-06
1.94704e-06
1.93083e-06
1.9147e-06
1.89865e-06
1.88269e-06
1.86682e-06
1.85102e-06
1.83532e-06
1.8197e-06
1.80416e-06
1.78871e-06
1.77334e-06
1.75807e-06
1.74287e-06
1.72777e-06
1.71275e-06
1.69782e-06
1.68297e-06
1.66821e-06
1.65354e-06
1.63895e-06
1.62446e-06
1.61005e-06
1.59573e-06
1.58149e-06
1.56735e-06
1.55329e-06
1.53932e-06
1.52544e-06
1.51165e-06
1.49794e-06
1.48432e-06
1.4708e-06
1.45736e-06
1.44401e-06
1.43074e-06
1.41757e-06
1.40448e-06
1.39149e-06
1.37858e-06
1.36576e-06
1.35303e-06
1.34038e-06
1.32783e-06
1.31536e-06
1.30298e-06
1.29069e-06
1.27848e-06
1.26637e-06
1.25434e-06
1.2424e-06
1.23055e-06
1.21878e-06
1.2071e-06
1.19551e-06
1.184e-06
1.17258e-06
1.16125e-06
1.15001e-06
1.13885e-06
1.12777e-06
1.11678e-06
1.10588e-06
1.09506e-06
1.08432e-06
1.07367e-06
1.06311e-06
1.05263e-06
1.04223e-06
1.03191e-06
1.02168e-06
1.01153e-06
1.00147e-06
9.91483e-07
9.81581e-07
9.7176e-07
9.62021e-07
9.52363e-07
9.42785e-07
9.33287e-07
9.2387e-07
9.14532e-07
9.05273e-07
8.96093e-07
8.86991e-07
8.77968e-07
8.69022e-07
8.60154e-07
8.51362e-07
8.42647e-07
8.34008e-07
8.25445e-07
8.16957e-07
8.08544e-07
8.00206e-07
7.91942e-07
7.83751e-07
7.75634e-07
7.6759e-07
7.59618e-07
7.51718e-07
7.4389e-07
7.36133e-07
7.28447e-07
7.20831e-07
7.13285e-07
7.05808e-07
6.98401e-07
6.91062e-07
6.83791e-07
6.76588e-07
6.69452e-07
6.62382e-07
6.5538e-07
6.48443e-07
6.41571e-07
6.34765e-07
6.28023e-07
6.21345e-07
6.14731e-07
6.0818e-07
6.01692e-07
5.95266e-07
5.88902e-07
5.826e-07
5.76358e-07
5.70177e-07
5.64056e-07
5.57995e-07
5.51993e-07
5.46049e-07
5.40164e-07
5.34336e-07
5.28566e-07
5.22853e-07
5.17197e-07
5.11596e-07
5.06051e-07
5.00561e-07
4.95126e-07
4.89745e-07
4.84418e-07
4.79145e-07
4.73924e-07
4.68756e-07
4.6364e-07
4.58576e-07
4.53563e-07
4.486e-07
4.43689e-07
4.38827e-07
4.34014e-07
4.29251e-07
4.24536e-07
4.1987e-07
4.15251e-07
4.1068e-07
4.06156e-07
4.01679e-07
3.97248e-07
3.92862e-07
3.88522e-07
3.84227e-07
3.79977e-07
3.7577e-07
3.71608e-07
3.67489e-07
3.63413e-07
3.59379e-07
3.55388e-07
3.51439e-07
3.47531e-07
3.43664e-07
3.39838e-07
3.36052e-07
3.32306e-07
3.286e-07
3.24933e-07
3.21305e-07
3.17715e-07
3.14163e-07
3.10649e-07
3.07173e-07
3.03733e-07
3.00331e-07
2.96964e-07
2.93634e-07
2.90339e-07
2.87079e-07
2.83855e-07
2.80665e-07
2.77509e-07
2.74388e-07
2.713e-07
2.68245e-07
2.65223e-07
2.62234e-07
2.59277e-07
2.56352e-07
2.53459e-07
2.50598e-07
2.47767e-07
2.44967e-07
2.42197e-07
2.39458e-07
2.36749e-07
2.34069e-07
2.31418e-07
2.28796e-07
2.26203e-07
2.23638e-07
2.21102e-07
2.18593e-07
2.16112e-07
2.13657e-07
2.1123e-07
2.0883e-07
2.06456e-07
2.04108e-07
2.01786e-07
1.99489e-07
1.97218e-07
1.94972e-07
1.92751e-07
1.90555e-07
1.88382e-07
1.86234e-07
1.84109e-07
1.82009e-07
1.79931e-07
1.77876e-07
1.75845e-07
1.73836e-07
1.71849e-07
1.69884e-07
1.67941e-07
1.6602e-07
1.6412e-07
1.62242e-07
1.60384e-07
1.58548e-07
1.56731e-07
1.54936e-07
1.5316e-07
1.51404e-07
1.49667e-07
1.47951e-07
1.46253e-07
1.44575e-07
1.42915e-07
1.41274e-07
1.39651e-07
1.38047e-07
1.36461e-07
1.34892e-07
1.33341e-07
1.31808e-07
1.30292e-07
1.28793e-07
1.27311e-07
1.25846e-07
1.24397e-07
1.22965e-07
1.21548e-07
1.20148e-07
1.18764e-07
1.17395e-07
1.16042e-07
1.14704e-07
1.13381e-07
1.12074e-07
1.10781e-07
1.09503e-07
1.08239e-07
1.0699e-07
1.05755e-07
1.04533e-07
1.03326e-07
1.02133e-07
1.00953e-07
9.97861e-08
9.86329e-08
9.74928e-08
9.63657e-08
9.52514e-08
9.41498e-08
9.30608e-08
9.19842e-08
9.09199e-08
8.98677e-08
8.88276e-08
8.77993e-08
8.67828e-08
8.57779e-08
8.47845e-08
8.38024e-08
8.28316e-08
8.18719e-08
8.09231e-08
7.99853e-08
7.90581e-08
7.81416e-08
7.72356e-08
7.634e-08
7.54546e-08
7.45794e-08
7.37143e-08
7.2859e-08
7.20136e-08
7.11779e-08
7.03517e-08
6.95351e-08
6.87279e-08
6.79299e-08
6.71411e-08
6.63613e-08
6.55906e-08
6.48287e-08
6.40755e-08
6.33311e-08
6.25951e-08
6.18677e-08
6.11487e-08
6.04379e-08
5.97353e-08
5.90408e-08
5.83543e-08
5.76757e-08
5.7005e-08
5.6342e-08
5.56866e-08
5.50388e-08
5.43985e-08
5.37655e-08
5.31399e-08
5.25215e-08
5.19102e-08
5.1306e-08
5.07087e-08
5.01184e-08
4.95349e-08
4.89581e-08
4.8388e-08
4.78245e-08
4.72675e-08
4.67169e-08
4.61727e-08
4.56349e-08
4.51032e-08
4.45777e-08
4.40583e-08
4.35448e-08
4.30374e-08
4.25358e-08
4.204e-08
4.15499e-08
4.10656e-08
4.05868e-08
4.01136e-08
3.96459e-08
3.91836e-08
3.87266e-08
3.8275e-08
3.78286e-08
3.73874e-08
3.69513e-08
3.65202e-08
3.60942e-08
3.56731e-08
3.52568e-08
3.48454e-08
3.44388e-08
3.40369e-08
3.36397e-08
3.32471e-08
3.28591e-08
3.24755e-08
3.20964e-08
3.17217e-08
3.13514e-08
3.09854e-08
3.06236e-08
3.0266e-08
2.99126e-08
2.95633e-08
2.92181e-08
2.88768e-08
2.85396e-08
2.82063e-08
2.78768e-08
2.75512e-08
2.72293e-08
2.69112e-08
2.65968e-08
2.62861e-08
2.5979e-08
2.56754e-08
2.53754e-08
2.50789e-08
2.47858e-08
2.44962e-08
2.42099e-08
2.3927e-08
2.36473e-08
2.33709e-08
2.30977e-08
2.28277e-08
2.25609e-08
2.22971e-08
2.20365e-08
2.17789e-08
2.15242e-08
2.12726e-08
2.10238e-08
2.0778e-08
2.05351e-08
2.02949e-08
2.00576e-08
1.9823e-08
1.95912e-08
1.93621e-08
1.91356e-08
1.89118e-08
1.86906e-08
1.8472e-08
1.82559e-08
1.80424e-08
1.78313e-08
1.76227e-08
1.74166e-08
1.72128e-08
1.70114e-08
1.68124e-08
1.66157e-08
1.64213e-08
1.62292e-08
1.60393e-08
1.58516e-08
1.56661e-08
1.54828e-08
1.53016e-08
1.51225e-08
1.49455e-08
1.47706e-08
1.45978e-08
1.44269e-08
1.42581e-08
1.40912e-08
1.39262e-08
1.37632e-08
1.36021e-08
1.34429e-08
1.32856e-08
1.313e-08
1.29763e-08
1.28244e-08
1.26743e-08
1.25259e-08
1.23793e-08
1.22343e-08
1.20911e-08
1.19495e-08
1.18096e-08
1.16713e-08
1.15347e-08
1.13996e-08
1.12661e-08
1.11342e-08
1.10038e-08
1.0875e-08
1.07476e-08
1.06218e-08
1.04974e-08
1.03745e-08
1.0253e-08
1.01329e-08
1.00142e-08
9.89694e-09
9.78103e-09
9.66647e-09
9.55326e-09
9.44136e-09
9.33078e-09
9.22149e-09
9.11348e-09
9.00673e-09
8.90123e-09
8.79697e-09
8.69392e-09
8.59208e-09
8.49143e-09
8.39196e-09
8.29365e-09
8.1965e-09
8.10048e-09
8.00558e-09
7.91179e-09
7.81911e-09
7.7275e-09
7.63697e-09
7.5475e-09
7.45907e-09
7.37168e-09
7.28531e-09
7.19996e-09
7.1156e-09
7.03223e-09
6.94983e-09
6.8684e-09
6.78792e-09
6.70839e-09
6.62978e-09
6.5521e-09
6.47532e-09
6.39945e-09
6.32446e-09
6.25035e-09
6.17711e-09
6.10472e-09
6.03318e-09
5.96249e-09
5.89261e-09
5.82356e-09
5.75531e-09
5.68787e-09
5.62121e-09
5.55533e-09
5.49023e-09
5.42589e-09
5.3623e-09
5.29945e-09
5.23735e-09
5.17597e-09
5.1153e-09
5.05535e-09
4.9961e-09
4.93755e-09
4.87968e-09
4.82248e-09
4.76596e-09
4.7101e-09
4.6549e-09
4.60034e-09
4.54642e-09
4.49313e-09
4.44046e-09
4.38841e-09
4.33698e-09
4.28614e-09
4.2359e-09
4.18625e-09
4.13718e-09
4.08869e-09
4.04076e-09
3.99339e-09
3.94658e-09
3.90032e-09
3.8546e-09
3.80942e-09
3.76476e-09
3.72063e-09
3.67701e-09
3.63391e-09
3.59131e-09
3.54921e-09
3.5076e-09
3.46649e-09
3.42585e-09
3.38569e-09
3.346e-09
3.30677e-09
3.268e-09
3.22969e-09
3.19183e-09
3.15441e-09
3.11743e-09
3.08088e-09
3.04476e-09
3.00907e-09
2.97379e-09
2.93893e-09
2.90447e-09
2.87042e-09
2.83677e-09
2.80351e-09
2.77064e-09
2.73816e-09
2.70606e-09
2.67433e-09
2.64298e-09
2.61199e-09
2.58136e-09
2.5511e-09
2.52119e-09
2.49163e-09
2.46241e-09
2.43355e-09
2.40501e-09
2.37681e-09
2.34895e-09
2.3214e-09
2.29419e-09
2.26729e-09
2.2407e-09
2.21443e-09
2.18847e-09
2.16281e-09
2.13745e-09
2.11239e-09
2.08762e-09
2.06314e-09
2.03895e-09
2.01504e-09
1.99141e-09
1.96806e-09
1.94499e-09
1.92218e-09
1.89964e-09
1.87737e-09
1.85536e-09
1.8336e-09
1.8121e-09
1.79085e-09
1.76985e-09
1.7491e-09
1.72859e-09
1.70832e-09
1.68829e-09
1.66849e-09
1.64893e-09
1.62959e-09
1.61048e-09
1.5916e-09
1.57293e-09
1.55449e-09
1.53626e-09
1.51825e-09
1.50045e-09
1.48285e-09
1.46546e-09
1.44828e-09
1.4313e-09
1.41451e-09
1.39792e-09
1.38153e-09
1.36533e-09
1.34932e-09
1.3335e-09
1.31786e-09
1.30241e-09
1.28713e-09
1.27204e-09
1.25712e-09
1.24238e-09
1.22781e-09
1.21341e-09
1.19918e-09
1.18512e-09
1.17122e-09
1.15749e-09
1.14392e-09
1.1305e-09
1.11724e-09
1.10414e-09
1.09119e-09
1.0784e-09
1.06575e-09
1.05325e-09
1.0409e-09
1.02869e-09
1.01663e-09
1.00471e-09
9.92926e-10
9.81282e-10
9.69774e-10
9.58402e-10
9.47162e-10
9.36056e-10
9.25075e-10
9.1423e-10
9.03507e-10
8.92911e-10
8.8244e-10
8.72092e-10
8.61864e-10
8.51757e-10
8.41768e-10
8.31896e-10
