40.9777
1.35183
0.515263
0.302992
0.199479
0.147972
0.119107
0.100612
0.087466
0.0774813
0.0695791
0.0631513
0.0578162
0.0533163
0.0494699
0.0461443
0.0432406
0.0406831
0.0384133
0.0363852
0.034562
0.0329142
0.0314174
0.0300519
0.0288009
0.0276506
0.0265894
0.0256071
0.0246953
0.0238467
0.0230548
0.0223141
0.0216199
0.0209678
0.0203542
0.0197757
0.0192293
0.0187125
0.018223
0.0177585
0.0173172
0.0168975
0.0164978
0.0161166
0.0157527
0.015405
0.0150724
0.014754
0.0144487
0.0141559
0.0138748
0.0136047
0.013345
0.013095
0.0128543
0.0126223
0.0123986
0.0121827
0.0119742
0.0117728
0.0115781
0.0113897
0.0112074
0.0110309
0.0108598
0.010694
0.0105332
0.0103772
0.0102258
0.0100787
0.00993585
0.00979699
0.00966197
0.00953063
0.00940284
0.00927843
0.00915729
0.00903929
0.0089243
0.00881222
0.00870292
0.00859632
0.00849231
0.0083908
0.0082917
0.00819493
0.00810041
0.00800805
0.0079178
0.00782956
0.0077433
0.00765892
0.00757639
0.00749563
0.0074166
0.00733924
0.00726349
0.00718932
0.00711667
0.00704551
0.00697578
0.00690744
0.00684047
0.00677481
0.00671044
0.00664731
0.00658541
0.00652468
0.00646511
0.00640666
0.00634931
0.00629302
0.00623778
0.00618355
0.00613032
0.00607805
0.00602673
0.00597633
0.00592684
0.00587822
0.00583047
0.00578356
0.00573748
0.00569221
0.00564772
0.00560401
0.00556105
0.00551884
0.00547735
0.00543658
0.0053965
0.0053571
0.00531837
0.0052803
0.00524288
0.00520608
0.0051699
0.00513433
0.00509935
0.00506495
0.00503113
0.00499786
0.00496515
0.00493298
0.00490133
0.00487021
0.0048396
0.00480948
0.00477986
0.00475071
0.00472204
0.00469383
0.00466607
0.00463876
0.00461188
0.00458544
0.00455941
0.00453379
0.00450858
0.00448376
0.00445932
0.00443527
0.00441159
0.00438827
0.00436531
0.0043427
0.00432043
0.00429849
0.00427688
0.0042556
0.00423462
0.00421396
0.00419359
0.00417352
0.00415373
0.00413422
0.00411499
0.00409603
0.00407733
0.00405888
0.00404068
0.00402273
0.00400501
0.00398753
0.00397027
0.00395324
0.00393641
0.0039198
0.00390339
0.00388719
0.00387117
0.00385535
0.00383971
0.00382424
0.00380895
0.00379384
0.00377888
0.00376409
0.00374945
0.00373496
0.00372062
0.00370642
0.00369236
0.00367843
0.00366464
0.00365097
0.00363742
0.00362399
0.00361068
0.00359748
0.00358438
0.00357139
0.0035585
0.00354571
0.00353301
0.00352041
0.00350789
0.00349545
0.0034831
0.00347083
0.00345863
0.00344651
0.00343446
0.00342247
0.00341056
0.0033987
0.00338691
0.00337517
0.00336349
0.00335187
0.0033403
0.00332878
0.0033173
0.00330587
0.00329449
0.00328315
0.00327185
0.00326058
0.00324936
0.00323817
0.00322701
0.00321589
0.0032048
0.00319374
0.0031827
0.00317169
0.00316071
0.00314976
0.00313882
0.00312791
0.00311702
0.00310615
0.0030953
0.00308447
0.00307366
0.00306286
0.00305208
0.00304131
0.00303056
0.00301982
0.00300909
0.00299838
0.00298768
0.00297699
0.00296631
0.00295564
0.00294498
0.00293433
0.00292369
0.00291306
0.00290243
0.00289182
0.00288121
0.00287061
0.00286001
0.00284942
0.00283884
0.00282827
0.0028177
0.00280714
0.00279658
0.00278603
0.00277549
0.00276495
0.00275442
0.00274389
0.00273337
0.00272286
0.00271235
0.00270185
0.00269135
0.00268086
0.00267038
0.0026599
0.00264943
0.00263897
0.00262851
0.00261806
0.00260762
0.00259718
0.00258675
0.00257633
0.00256592
0.00255551
0.00254511
0.00253472
0.00252434
0.00251397
0.00250361
0.00249326
0.00248292
0.00247258
0.00246226
0.00245195
0.00244165
0.00243135
0.00242108
0.00241081
0.00240055
0.00239031
0.00238008
0.00236986
0.00235965
0.00234946
0.00233928
0.00232912
0.00231897
0.00230883
0.00229871
0.0022886
0.00227851
0.00226844
0.00225838
0.00224833
0.00223831
0.0022283
0.00221831
0.00220833
0.00219838
0.00218844
0.00217852
0.00216861
0.00215873
0.00214887
0.00213903
0.0021292
0.0021194
0.00210961
0.00209985
0.00209011
0.00208039
0.00207069
0.00206101
0.00205136
0.00204172
0.00203211
0.00202253
0.00201296
0.00200342
0.0019939
0.00198441
0.00197494
0.00196549
0.00195607
0.00194667
0.0019373
0.00192795
0.00191863
0.00190934
0.00190007
0.00189082
0.0018816
0.00187241
0.00186325
0.00185411
0.00184499
0.00183591
0.00182685
0.00181782
0.00180882
0.00179985
0.0017909
0.00178198
0.00177309
0.00176423
0.00175539
0.00174659
0.00173781
0.00172907
0.00172035
0.00171166
0.001703
0.00169437
0.00168577
0.0016772
0.00166866
0.00166015
0.00165167
0.00164322
0.0016348
0.00162641
0.00161805
0.00160972
0.00160142
0.00159315
0.00158492
0.00157671
0.00156853
0.00156039
0.00155228
0.00154419
0.00153614
0.00152812
0.00152013
0.00151217
0.00150425
0.00149635
0.00148849
0.00148066
0.00147286
0.00146509
0.00145735
0.00144964
0.00144197
0.00143432
0.00142671
0.00141913
0.00141158
0.00140407
0.00139658
0.00138913
0.00138171
0.00137431
0.00136696
0.00135963
0.00135233
0.00134507
0.00133784
0.00133064
0.00132347
0.00131633
0.00130922
0.00130215
0.0012951
0.00128809
0.00128111
0.00127416
0.00126724
0.00126036
0.0012535
0.00124668
0.00123988
0.00123312
0.00122639
0.00121969
0.00121302
0.00120638
0.00119978
0.0011932
0.00118666
0.00118014
0.00117366
0.0011672
0.00116078
0.00115439
0.00114803
0.00114169
0.00113539
0.00112912
0.00112288
0.00111667
0.00111049
0.00110434
0.00109821
0.00109212
0.00108606
0.00108003
0.00107403
0.00106805
0.00106211
0.00105619
0.00105031
0.00104445
0.00103863
0.00103283
0.00102706
0.00102132
0.00101561
0.00100992
0.00100427
0.000998643
0.000993045
0.000987476
0.000981934
0.000976421
0.000970936
0.000965479
0.00096005
0.000954648
0.000949274
0.000943928
0.000938609
0.000933317
0.000928053
0.000922815
0.000917605
0.000912422
0.000907266
0.000902136
0.000897033
0.000891957
0.000886907
0.000881884
0.000876886
0.000871915
0.00086697
0.000862051
0.000857158
0.000852291
0.000847449
0.000842633
0.000837842
0.000833077
0.000828337
0.000823622
0.000818932
0.000814267
0.000809627
0.000805012
0.000800421
0.000795855
0.000791313
0.000786796
0.000782303
0.000777834
0.000773389
0.000768968
0.000764571
0.000760197
0.000755847
0.000751521
0.000747218
0.000742938
0.000738681
0.000734448
0.000730238
0.00072605
0.000721885
0.000717743
0.000713624
0.000709527
0.000705452
0.0007014
0.00069737
0.000693361
0.000689375
0.000685411
0.000681468
0.000677548
0.000673648
0.00066977
0.000665914
0.000662079
0.000658264
0.000654471
0.000650699
0.000646948
0.000643218
0.000639508
0.000635819
0.00063215
0.000628501
0.000624873
0.000621265
0.000617677
0.000614109
0.000610561
0.000607032
0.000603524
0.000600035
0.000596565
0.000593115
0.000589684
0.000586272
0.000582879
0.000579505
0.00057615
0.000572814
0.000569497
0.000566198
0.000562918
0.000559656
0.000556413
0.000553188
0.000549981
0.000546792
0.000543621
0.000540467
0.000537332
0.000534214
0.000531114
0.000528032
0.000524966
0.000521919
0.000518888
0.000515875
0.000512878
0.000509899
0.000506936
0.00050399
0.000501061
0.000498149
0.000495253
0.000492373
0.00048951
0.000486663
0.000483833
0.000481018
0.00047822
0.000475437
0.00047267
0.000469919
0.000467184
0.000464464
0.00046176
0.000459071
0.000456397
0.000453739
0.000451096
0.000448468
0.000445855
0.000443257
0.000440674
0.000438106
0.000435552
0.000433013
0.000430488
0.000427978
0.000425483
0.000423001
0.000420534
0.000418081
0.000415642
0.000413217
0.000410806
0.000408409
0.000406026
0.000403656
0.0004013
0.000398957
0.000396628
0.000394313
0.00039201
0.000389721
0.000387445
0.000385182
0.000382933
0.000380696
0.000378472
0.000376261
0.000374062
0.000371876
0.000369703
0.000367543
0.000365395
0.000363259
0.000361135
0.000359024
0.000356925
0.000354839
0.000352764
0.000350701
0.00034865
0.000346611
0.000344584
0.000342568
0.000340565
0.000338572
0.000336592
0.000334622
0.000332665
0.000330718
0.000328783
0.000326859
0.000324946
0.000323044
0.000321153
0.000319273
0.000317405
0.000315546
0.000313699
0.000311863
0.000310037
0.000308221
0.000306416
0.000304622
0.000302838
0.000301065
0.000299301
0.000297548
0.000295805
0.000294073
0.00029235
0.000290637
0.000288935
0.000287242
0.000285559
0.000283886
0.000282222
0.000280569
0.000278924
0.00027729
0.000275665
0.000274049
0.000272443
0.000270846
0.000269258
0.00026768
0.000266111
0.000264551
0.000263
0.000261458
0.000259925
0.000258401
0.000256886
0.00025538
0.000253882
0.000252394
0.000250913
0.000249442
0.000247979
0.000246525
0.000245079
0.000243641
0.000242212
0.000240792
0.000239379
0.000237975
0.000236579
0.000235191
0.000233811
0.00023244
0.000231076
0.00022972
0.000228373
0.000227033
0.0002257
0.000224376
0.000223059
0.000221751
0.000220449
0.000219156
0.00021787
0.000216591
0.00021532
0.000214056
0.0002128
0.000211551
0.000210309
0.000209075
0.000207847
0.000206627
0.000205415
0.000204209
0.00020301
0.000201818
0.000200633
0.000199456
0.000198285
0.00019712
0.000195963
0.000194813
0.000193669
0.000192532
0.000191401
0.000190277
0.00018916
0.000188049
0.000186945
0.000185847
0.000184756
0.000183671
0.000182593
0.00018152
0.000180454
0.000179395
0.000178341
0.000177294
0.000176252
0.000175217
0.000174188
0.000173165
0.000172148
0.000171137
0.000170132
0.000169132
0.000168139
0.000167151
0.000166169
0.000165193
0.000164223
0.000163258
0.000162299
0.000161346
0.000160398
0.000159456
0.000158519
0.000157588
0.000156662
0.000155741
0.000154826
0.000153917
0.000153012
0.000152113
0.00015122
0.000150331
0.000149448
0.00014857
0.000147697
0.000146829
0.000145966
0.000145109
0.000144256
0.000143408
0.000142566
0.000141728
0.000140895
0.000140067
0.000139244
0.000138426
0.000137612
0.000136804
0.000136
0.000135201
0.000134406
0.000133616
0.000132831
0.00013205
0.000131274
0.000130503
0.000129736
0.000128973
0.000128215
0.000127462
0.000126713
0.000125968
0.000125228
0.000124492
0.00012376
0.000123032
0.000122309
0.00012159
0.000120876
0.000120165
0.000119459
0.000118757
0.000118059
0.000117365
0.000116675
0.000115989
0.000115307
0.00011463
0.000113956
0.000113286
0.00011262
0.000111958
0.0001113
0.000110646
0.000109995
0.000109349
0.000108706
0.000108067
0.000107432
0.0001068
0.000106172
0.000105548
0.000104928
0.000104311
0.000103697
0.000103088
0.000102482
0.000101879
0.00010128
0.000100685
0.000100093
9.95046e-05
9.89197e-05
9.83381e-05
9.776e-05
9.71852e-05
9.66139e-05
9.60459e-05
9.54812e-05
9.49198e-05
9.43618e-05
9.3807e-05
9.32555e-05
9.27072e-05
9.21621e-05
9.16203e-05
9.10816e-05
9.05461e-05
9.00137e-05
8.94845e-05
8.89584e-05
8.84353e-05
8.79154e-05
8.73985e-05
8.68846e-05
8.63737e-05
8.58659e-05
8.5361e-05
8.48591e-05
8.43602e-05
8.38642e-05
8.33711e-05
8.28809e-05
8.23935e-05
8.19091e-05
8.14275e-05
8.09487e-05
8.04727e-05
7.99995e-05
7.95291e-05
7.90615e-05
7.85966e-05
7.81345e-05
7.7675e-05
7.72183e-05
7.67642e-05
7.63129e-05
7.58641e-05
7.5418e-05
7.49746e-05
7.45337e-05
7.40954e-05
7.36597e-05
7.32266e-05
7.2796e-05
7.2368e-05
7.19424e-05
7.15194e-05
7.10988e-05
7.06807e-05
7.02651e-05
6.98519e-05
6.94412e-05
6.90328e-05
6.86269e-05
6.82233e-05
6.78221e-05
6.74233e-05
6.70268e-05
6.66327e-05
6.62408e-05
6.58513e-05
6.54641e-05
6.50791e-05
6.46964e-05
6.4316e-05
6.39377e-05
6.35618e-05
6.3188e-05
6.28164e-05
6.2447e-05
6.20798e-05
6.17147e-05
6.13518e-05
6.0991e-05
6.06323e-05
6.02757e-05
5.99213e-05
5.95689e-05
5.92186e-05
5.88703e-05
5.85241e-05
5.818e-05
5.78378e-05
5.74977e-05
5.71596e-05
5.68234e-05
5.64892e-05
5.6157e-05
5.58268e-05
5.54985e-05
5.51721e-05
5.48476e-05
5.45251e-05
5.42044e-05
5.38857e-05
5.35688e-05
5.32537e-05
5.29405e-05
5.26292e-05
5.23197e-05
5.2012e-05
5.17061e-05
5.1402e-05
5.10997e-05
5.07992e-05
