0.00175736
0.0317707
0.0105877
0.00500363
0.00245905
0.00143688
0.00096466
0.000705129
0.000542408
0.000431467
0.000351729
0.000292307
0.000246803
0.000211181
0.000182772
0.000159754
0.000140842
0.000125114
0.000111892
0.00010067
9.10632e-05
8.2775e-05
7.55741e-05
6.92779e-05
6.37405e-05
5.88445e-05
5.44942e-05
5.06112e-05
4.71308e-05
4.3999e-05
4.11706e-05
3.86076e-05
3.62776e-05
3.41533e-05
3.2211e-05
3.04305e-05
2.87942e-05
2.72869e-05
2.58954e-05
2.46081e-05
2.34148e-05
2.23066e-05
2.12755e-05
2.03146e-05
1.94175e-05
1.85788e-05
1.77934e-05
1.7057e-05
1.63656e-05
1.57154e-05
1.51034e-05
1.45266e-05
1.39823e-05
1.34681e-05
1.29819e-05
1.25216e-05
1.20854e-05
1.16717e-05
1.1279e-05
1.09058e-05
1.05509e-05
1.0213e-05
9.89124e-06
9.58444e-06
9.29174e-06
9.01229e-06
8.74529e-06
8.49001e-06
8.24578e-06
8.01196e-06
7.78798e-06
7.57329e-06
7.36737e-06
7.16977e-06
6.98003e-06
6.79774e-06
6.62252e-06
6.45401e-06
6.29187e-06
6.13578e-06
5.98544e-06
5.84058e-06
5.70094e-06
5.56626e-06
5.43631e-06
5.31088e-06
5.18976e-06
5.07275e-06
4.95968e-06
4.85036e-06
4.74464e-06
4.64235e-06
4.54336e-06
4.44753e-06
4.35472e-06
4.26481e-06
4.17768e-06
4.09322e-06
4.01133e-06
3.9319e-06
3.85483e-06
3.78004e-06
3.70745e-06
3.63695e-06
3.56849e-06
3.50198e-06
3.43736e-06
3.37455e-06
3.31349e-06
3.25412e-06
3.19638e-06
3.14021e-06
3.08556e-06
3.03238e-06
2.98062e-06
2.93023e-06
2.88116e-06
2.83338e-06
2.78684e-06
2.7415e-06
2.69733e-06
2.65428e-06
2.61233e-06
2.57143e-06
2.53156e-06
2.49268e-06
2.45476e-06
2.41779e-06
2.38172e-06
2.34653e-06
2.31219e-06
2.27869e-06
2.24599e-06
2.21407e-06
2.18292e-06
2.1525e-06
2.1228e-06
2.0938e-06
2.06548e-06
2.03781e-06
2.01079e-06
1.98439e-06
1.95859e-06
1.93339e-06
1.90875e-06
1.88468e-06
1.86115e-06
1.83814e-06
1.81565e-06
1.79366e-06
1.77215e-06
1.75112e-06
1.73055e-06
1.71042e-06
1.69073e-06
1.67147e-06
1.65261e-06
1.63416e-06
1.6161e-06
1.59842e-06
1.58111e-06
1.56416e-06
1.54757e-06
1.53131e-06
1.51538e-06
1.49978e-06
1.48449e-06
1.46951e-06
1.45483e-06
1.44044e-06
1.42632e-06
1.41249e-06
1.39891e-06
1.3856e-06
1.37254e-06
1.35973e-06
1.34715e-06
1.33481e-06
1.32269e-06
1.3108e-06
1.29911e-06
1.28764e-06
1.27636e-06
1.26528e-06
1.25439e-06
1.24369e-06
1.23317e-06
1.22282e-06
1.21264e-06
1.20263e-06
1.19277e-06
1.18308e-06
1.17353e-06
1.16413e-06
1.15488e-06
1.14576e-06
1.13678e-06
1.12793e-06
1.1192e-06
1.1106e-06
1.10212e-06
1.09375e-06
1.0855e-06
1.07736e-06
1.06932e-06
1.06139e-06
1.05355e-06
1.04582e-06
1.03817e-06
1.03062e-06
1.02316e-06
1.01578e-06
1.00849e-06
1.00128e-06
9.94142e-07
9.87084e-07
9.801e-07
9.73189e-07
9.66346e-07
9.59572e-07
9.52863e-07
9.46217e-07
9.39633e-07
9.3311e-07
9.26644e-07
9.20235e-07
9.13881e-07
9.0758e-07
9.0133e-07
8.95131e-07
8.88981e-07
8.82878e-07
8.76821e-07
8.7081e-07
8.64841e-07
8.58915e-07
8.53031e-07
8.47186e-07
8.41381e-07
8.35614e-07
8.29883e-07
8.24189e-07
8.1853e-07
8.12906e-07
8.07315e-07
8.01757e-07
7.9623e-07
7.90735e-07
7.85271e-07
7.79836e-07
7.74431e-07
7.69054e-07
7.63706e-07
7.58384e-07
7.5309e-07
7.47823e-07
7.42581e-07
7.37365e-07
7.32174e-07
7.27007e-07
7.21865e-07
7.16747e-07
7.11653e-07
7.06582e-07
7.01534e-07
6.96509e-07
6.91506e-07
6.86525e-07
6.81567e-07
6.7663e-07
6.71715e-07
6.66821e-07
6.61948e-07
6.57097e-07
6.52266e-07
6.47456e-07
6.42667e-07
6.37898e-07
6.3315e-07
6.28422e-07
6.23715e-07
6.19028e-07
6.14361e-07
6.09714e-07
6.05087e-07
6.0048e-07
5.95894e-07
5.91327e-07
5.8678e-07
5.82254e-07
5.77747e-07
5.73261e-07
5.68794e-07
5.64347e-07
5.59921e-07
5.55514e-07
5.51128e-07
5.46762e-07
5.42416e-07
5.3809e-07
5.33785e-07
5.29499e-07
5.25235e-07
5.2099e-07
5.16766e-07
5.12563e-07
5.0838e-07
5.04217e-07
5.00076e-07
4.95955e-07
4.91854e-07
4.87775e-07
4.83717e-07
4.79679e-07
4.75663e-07
4.71667e-07
4.67693e-07
4.6374e-07
4.59808e-07
4.55897e-07
4.52008e-07
4.4814e-07
4.44293e-07
4.40468e-07
4.36665e-07
4.32883e-07
4.29122e-07
4.25384e-07
4.21667e-07
4.17972e-07
4.14298e-07
4.10647e-07
4.07017e-07
4.03409e-07
3.99824e-07
3.9626e-07
3.92718e-07
3.89198e-07
3.857e-07
3.82224e-07
3.7877e-07
3.75339e-07
3.71929e-07
3.68542e-07
3.65176e-07
3.61833e-07
3.58512e-07
3.55213e-07
3.51936e-07
3.48681e-07
3.45448e-07
3.42238e-07
3.39049e-07
3.35883e-07
3.32738e-07
3.29616e-07
3.26516e-07
3.23437e-07
3.20381e-07
3.17346e-07
3.14334e-07
3.11343e-07
3.08374e-07
3.05428e-07
3.02502e-07
2.99599e-07
2.96717e-07
2.93857e-07
2.91018e-07
2.88201e-07
2.85406e-07
2.82632e-07
2.79879e-07
2.77148e-07
2.74438e-07
2.71749e-07
2.69081e-07
2.66434e-07
2.63809e-07
2.61204e-07
2.5862e-07
2.56057e-07
2.53515e-07
2.50993e-07
2.48492e-07
2.46011e-07
2.43551e-07
2.41111e-07
2.38692e-07
2.36292e-07
2.33913e-07
2.31553e-07
2.29214e-07
2.26894e-07
2.24594e-07
2.22314e-07
2.20053e-07
2.17812e-07
2.1559e-07
2.13387e-07
2.11204e-07
2.09039e-07
2.06894e-07
2.04767e-07
2.02659e-07
2.0057e-07
1.985e-07
1.96447e-07
1.94413e-07
1.92398e-07
1.904e-07
1.88421e-07
1.86459e-07
1.84516e-07
1.8259e-07
1.80681e-07
1.78791e-07
1.76917e-07
1.75061e-07
1.73222e-07
1.714e-07
1.69595e-07
1.67807e-07
1.66035e-07
1.6428e-07
1.62542e-07
1.6082e-07
1.59114e-07
1.57425e-07
1.55752e-07
1.54094e-07
1.52452e-07
1.50826e-07
1.49216e-07
1.47621e-07
1.46042e-07
1.44478e-07
1.42929e-07
1.41395e-07
1.39876e-07
1.38371e-07
1.36882e-07
1.35407e-07
1.33946e-07
1.325e-07
1.31069e-07
1.29651e-07
1.28247e-07
1.26858e-07
1.25482e-07
1.2412e-07
1.22771e-07
1.21436e-07
1.20114e-07
1.18806e-07
1.1751e-07
1.16228e-07
1.14959e-07
1.13702e-07
1.12459e-07
1.11228e-07
1.10009e-07
1.08803e-07
1.07609e-07
1.06427e-07
1.05258e-07
1.041e-07
1.02954e-07
1.0182e-07
1.00698e-07
9.95874e-08
9.84882e-08
9.74003e-08
9.63238e-08
9.52584e-08
9.42041e-08
9.31607e-08
9.21283e-08
9.11066e-08
9.00956e-08
8.90951e-08
8.81052e-08
8.71256e-08
8.61564e-08
8.51973e-08
8.42483e-08
8.33094e-08
8.23803e-08
8.14611e-08
8.05517e-08
7.96518e-08
7.87616e-08
7.78807e-08
7.70093e-08
7.61471e-08
7.52941e-08
7.44503e-08
7.36154e-08
7.27895e-08
7.19725e-08
7.11642e-08
7.03645e-08
6.95735e-08
6.8791e-08
6.80169e-08
6.72511e-08
6.64936e-08
6.57443e-08
6.50031e-08
6.42699e-08
6.35446e-08
6.28273e-08
6.21177e-08
6.14158e-08
6.07215e-08
6.00348e-08
5.93556e-08
5.86837e-08
5.80192e-08
5.7362e-08
5.67119e-08
5.6069e-08
5.54331e-08
5.48042e-08
5.41821e-08
5.35669e-08
5.29584e-08
5.23567e-08
5.17615e-08
5.11729e-08
5.05908e-08
5.00151e-08
4.94457e-08
4.88827e-08
4.83258e-08
4.77751e-08
4.72306e-08
4.6692e-08
4.61594e-08
4.56327e-08
4.51118e-08
4.45968e-08
4.40874e-08
4.35837e-08
4.30857e-08
4.25931e-08
4.21061e-08
4.16244e-08
4.11482e-08
4.06772e-08
4.02116e-08
3.97511e-08
3.92957e-08
3.88455e-08
3.84003e-08
3.79601e-08
3.75248e-08
3.70943e-08
3.66688e-08
3.62479e-08
3.58319e-08
3.54204e-08
3.50136e-08
3.46114e-08
3.42137e-08
3.38205e-08
3.34317e-08
3.30473e-08
3.26672e-08
3.22914e-08
3.19199e-08
3.15525e-08
3.11893e-08
3.08302e-08
3.04751e-08
3.01241e-08
2.9777e-08
2.94339e-08
2.90946e-08
2.87592e-08
2.84276e-08
2.80997e-08
2.77756e-08
2.74551e-08
2.71383e-08
2.68251e-08
2.65154e-08
2.62092e-08
2.59066e-08
2.56073e-08
2.53115e-08
2.5019e-08
2.47299e-08
2.4444e-08
2.41615e-08
2.38821e-08
2.36059e-08
2.33329e-08
2.3063e-08
2.27961e-08
2.25323e-08
2.22715e-08
2.20137e-08
2.17589e-08
2.15069e-08
2.12578e-08
2.10116e-08
2.07682e-08
2.05276e-08
2.02897e-08
2.00546e-08
1.98221e-08
1.95924e-08
1.93652e-08
1.91406e-08
1.89187e-08
1.86992e-08
1.84823e-08
1.82679e-08
1.80559e-08
1.78464e-08
1.76393e-08
1.74345e-08
1.72321e-08
1.70321e-08
1.68343e-08
1.66388e-08
1.64455e-08
1.62545e-08
1.60657e-08
1.5879e-08
1.56945e-08
1.55121e-08
1.53318e-08
1.51536e-08
1.49775e-08
1.48034e-08
1.46312e-08
1.44611e-08
1.42929e-08
1.41267e-08
1.39624e-08
1.37999e-08
1.36394e-08
1.34807e-08
1.33238e-08
1.31688e-08
1.30155e-08
1.2864e-08
1.27143e-08
1.25663e-08
1.242e-08
1.22754e-08
1.21324e-08
1.19911e-08
1.18515e-08
1.17134e-08
1.1577e-08
1.14421e-08
1.13088e-08
1.11771e-08
1.10468e-08
1.09181e-08
1.07909e-08
1.06651e-08
1.05408e-08
1.04179e-08
1.02965e-08
1.01765e-08
1.00578e-08
9.94053e-09
9.82462e-09
9.71005e-09
9.59681e-09
9.48489e-09
9.37426e-09
9.26491e-09
9.15683e-09
9.05001e-09
8.94443e-09
8.84007e-09
8.73692e-09
8.63497e-09
8.53421e-09
8.43461e-09
8.33617e-09
8.23888e-09
8.14271e-09
8.04766e-09
7.95372e-09
7.86086e-09
7.76909e-09
7.67838e-09
7.58873e-09
7.50012e-09
7.41253e-09
7.32597e-09
7.24041e-09
7.15585e-09
7.07228e-09
6.98967e-09
6.90802e-09
6.82733e-09
6.74757e-09
6.66874e-09
6.59083e-09
6.51383e-09
6.43772e-09
6.3625e-09
6.28815e-09
6.21467e-09
6.14204e-09
6.07026e-09
5.99932e-09
5.9292e-09
5.8599e-09
5.79141e-09
5.72371e-09
5.6568e-09
5.59067e-09
5.52532e-09
5.46072e-09
5.39688e-09
5.33378e-09
5.27141e-09
5.20978e-09
5.14886e-09
5.08865e-09
5.02915e-09
4.97033e-09
4.91221e-09
4.85476e-09
4.79798e-09
4.74186e-09
4.6864e-09
4.63158e-09
4.57741e-09
4.52386e-09
4.47095e-09
4.41864e-09
4.36695e-09
4.31586e-09
4.26537e-09
4.21547e-09
4.16615e-09
4.1174e-09
4.06923e-09
4.02161e-09
3.97456e-09
3.92805e-09
3.88208e-09
3.83665e-09
3.79175e-09
3.74738e-09
3.70353e-09
3.66018e-09
3.61734e-09
3.57501e-09
3.53316e-09
3.49181e-09
3.45094e-09
3.41054e-09
3.37062e-09
3.33117e-09
3.29217e-09
3.25363e-09
3.21554e-09
3.1779e-09
3.1407e-09
3.10393e-09
3.06759e-09
3.03167e-09
2.99618e-09
2.9611e-09
2.92643e-09
2.89216e-09
2.8583e-09
2.82483e-09
2.79175e-09
2.75906e-09
2.72675e-09
2.69482e-09
2.66327e-09
2.63208e-09
2.60125e-09
2.57079e-09
2.54068e-09
2.51093e-09
2.48152e-09
2.45246e-09
2.42374e-09
2.39535e-09
2.36729e-09
2.33957e-09
2.31216e-09
2.28508e-09
2.25831e-09
2.23186e-09
2.20572e-09
2.17988e-09
2.15435e-09
2.12911e-09
2.10417e-09
2.07952e-09
2.05516e-09
2.03109e-09
2.00729e-09
1.98378e-09
1.96054e-09
1.93757e-09
1.91487e-09
1.89243e-09
1.87026e-09
1.84835e-09
1.82669e-09
1.80529e-09
1.78414e-09
1.76324e-09
1.74258e-09
1.72216e-09
1.70198e-09
1.68204e-09
1.66233e-09
1.64285e-09
1.6236e-09
1.60458e-09
1.58577e-09
1.56719e-09
1.54883e-09
1.53068e-09
1.51274e-09
1.49501e-09
1.47749e-09
1.46018e-09
1.44307e-09
1.42616e-09
1.40944e-09
1.39293e-09
1.3766e-09
1.36047e-09
1.34453e-09
1.32877e-09
1.3132e-09
1.2978e-09
1.28259e-09
1.26756e-09
1.25271e-09
1.23803e-09
1.22351e-09
1.20917e-09
1.195e-09
1.181e-09
1.16715e-09
1.15347e-09
1.13995e-09
1.12659e-09
1.11339e-09
1.10034e-09
1.08744e-09
1.07469e-09
1.0621e-09
1.04965e-09
1.03734e-09
1.02518e-09
1.01317e-09
1.00129e-09
9.89554e-10
9.77955e-10
9.66491e-10
9.55161e-10
9.43965e-10
9.32899e-10
9.21963e-10
9.11155e-10
9.00474e-10
8.89918e-10
8.79486e-10
8.69176e-10
8.58987e-10
8.48917e-10
8.38965e-10
8.2913e-10
8.1941e-10
8.09804e-10
8.0031e-10
7.90927e-10
7.81656e-10
7.72492e-10
7.63435e-10
7.54485e-10
7.4564e-10
7.36898e-10
7.28259e-10
7.19721e-10
7.11283e-10
7.02944e-10
6.94702e-10
6.86558e-10
6.78509e-10
6.70554e-10
6.62692e-10
6.54922e-10
6.47244e-10
6.39655e-10
6.32156e-10
6.24743e-10
6.1742e-10
6.10181e-10
6.03026e-10
5.95955e-10
5.88968e-10
5.82062e-10
5.75238e-10
5.68494e-10
5.61827e-10
5.55241e-10
5.4873e-10
5.42295e-10
5.35938e-10
5.29654e-10
5.23443e-10
5.17306e-10
5.11241e-10
5.05246e-10
4.99322e-10
4.93467e-10
4.87681e-10
4.81963e-10
4.76311e-10
4.70726e-10
4.65207e-10
4.59752e-10
4.54361e-10
4.49033e-10
4.43768e-10
4.38564e-10
4.33422e-10
4.28339e-10
4.23317e-10
4.18353e-10
4.13447e-10
4.086e-10
4.03809e-10
3.99073e-10
3.94393e-10
3.89769e-10
3.85198e-10
3.80681e-10
3.76218e-10
3.71806e-10
3.67446e-10
3.63137e-10
3.58879e-10
3.5467e-10
3.50511e-10
3.46402e-10
3.42339e-10
3.38324e-10
3.34358e-10
3.30437e-10
3.26562e-10
3.22732e-10
3.18947e-10
3.15207e-10
3.11511e-10
3.07858e-10
3.04248e-10
3.0068e-10
2.97154e-10
2.93669e-10
2.90226e-10
2.86822e-10
2.83459e-10
2.80134e-10
2.76849e-10
2.73603e-10
2.70393e-10
2.67223e-10
2.64089e-10
2.60993e-10
2.57932e-10
2.54907e-10
2.51918e-10
2.48964e-10
2.46044e-10
2.43159e-10
2.40307e-10
2.37489e-10
2.34704e-10
2.31951e-10
2.29232e-10
2.26543e-10
2.23886e-10
2.21261e-10
2.18666e-10
2.16101e-10
2.13567e-10
2.11063e-10
2.08587e-10
2.06141e-10
