0.0667008
0.0347707
0.0944324
0.0518807
0.0311311
0.0217244
0.0172651
0.0146202
0.012787
0.0114002
0.0102989
0.00939764
0.00864476
0.00800568
0.00745611
0.00697829
0.00655891
0.00618776
0.00585693
0.00556012
0.0052923
0.0050494
0.00482806
0.00462553
0.00443947
0.00426796
0.00410934
0.00396219
0.00382531
0.00369766
0.00357833
0.00346652
0.00336155
0.0032628
0.00316973
0.00308186
0.00299877
0.00292007
0.00284543
0.00277453
0.00270711
0.00264291
0.0025817
0.00252328
0.00246747
0.00241408
0.00236297
0.00231399
0.00226702
0.00222192
0.00217859
0.00213693
0.00209684
0.00205824
0.00202104
0.00198517
0.00195055
0.00191713
0.00188484
0.00185363
0.00182343
0.00179421
0.00176592
0.00173851
0.00171194
0.00168617
0.00166117
0.00163691
0.00161334
0.00159045
0.00156821
0.00154657
0.00152553
0.00150506
0.00148513
0.00146573
0.00144683
0.00142841
0.00141045
0.00139295
0.00137587
0.00135922
0.00134296
0.00132709
0.00131159
0.00129645
0.00128166
0.0012672
0.00125307
0.00123926
0.00122575
0.00121253
0.00119959
0.00118694
0.00117455
0.00116242
0.00115054
0.00113891
0.00112751
0.00111634
0.0011054
0.00109467
0.00108416
0.00107385
0.00106374
0.00105382
0.00104409
0.00103455
0.00102519
0.001016
0.00100699
0.000998138
0.000989451
0.000980923
0.00097255
0.000964327
0.000956253
0.000948322
0.000940533
0.000932882
0.000925365
0.00091798
0.000910725
0.000903595
0.00089659
0.000889705
0.000882939
0.000876289
0.000869753
0.000863328
0.000857012
0.000850804
0.0008447
0.000838699
0.000832799
0.000826998
0.000821294
0.000815685
0.000810169
0.000804745
0.000799411
0.000794165
0.000789005
0.00078393
0.000778938
0.000774028
0.000769197
0.000764446
0.000759771
0.000755172
0.000750647
0.000746195
0.000741814
0.000737503
0.000733261
0.000729086
0.000724978
0.000720933
0.000716953
0.000713034
0.000709176
0.000705379
0.000701639
0.000697957
0.000694331
0.00069076
0.000687243
0.000683779
0.000680366
0.000677004
0.000673691
0.000670427
0.00066721
0.000664039
0.000660913
0.000657832
0.000654793
0.000651797
0.000648843
0.000645928
0.000643053
0.000640216
0.000637417
0.000634654
0.000631927
0.000629235
0.000626577
0.000623952
0.000621359
0.000618797
0.000616266
0.000613765
0.000611292
0.000608848
0.000606432
0.000604042
0.000601678
0.000599339
0.000597025
0.000594734
0.000592467
0.000590222
0.000587999
0.000585797
0.000583615
0.000581454
0.000579311
0.000577188
0.000575082
0.000572994
0.000570923
0.000568868
0.000566829
0.000564806
0.000562797
0.000560802
0.000558822
0.000556854
0.0005549
0.000552958
0.000551028
0.000549109
0.000547202
0.000545305
0.000543419
0.000541543
0.000539676
0.000537818
0.000535969
0.000534129
0.000532296
0.000530472
0.000528655
0.000526845
0.000525042
0.000523246
0.000521456
0.000519672
0.000517893
0.000516121
0.000514353
0.000512591
0.000510833
0.00050908
0.000507332
0.000505587
0.000503847
0.00050211
0.000500377
0.000498647
0.000496921
0.000495197
0.000493477
0.000491759
0.000490044
0.000488332
0.000486622
0.000484914
0.000483209
0.000481505
0.000479804
0.000478104
0.000476406
0.00047471
0.000473015
0.000471322
0.00046963
0.00046794
0.000466251
0.000464563
0.000462876
0.000461191
0.000459506
0.000457823
0.000456141
0.000454459
0.000452779
0.0004511
0.000449421
0.000447743
0.000446067
0.000444391
0.000442716
0.000441042
0.000439368
0.000437696
0.000436024
0.000434353
0.000432683
0.000431014
0.000429346
0.000427679
0.000426012
0.000424347
0.000422682
0.000421019
0.000419356
0.000417694
0.000416034
0.000414374
0.000412716
0.000411058
0.000409402
0.000407747
0.000406094
0.000404441
0.00040279
0.00040114
0.000399492
0.000397845
0.000396199
0.000394555
0.000392913
0.000391272
0.000389632
0.000387995
0.000386359
0.000384725
0.000383092
0.000381462
0.000379833
0.000378207
0.000376582
0.00037496
0.000373339
0.000371721
0.000370105
0.000368491
0.00036688
0.00036527
0.000363664
0.000362059
0.000360457
0.000358858
0.000357261
0.000355667
0.000354076
0.000352487
0.000350901
0.000349318
0.000347738
0.000346161
0.000344586
0.000343015
0.000341447
0.000339882
0.00033832
0.000336761
0.000335206
0.000333653
0.000332104
0.000330559
0.000329017
0.000327478
0.000325943
0.000324411
0.000322883
0.000321359
0.000319838
0.000318321
0.000316808
0.000315299
0.000313793
0.000312291
0.000310793
0.000309299
0.000307809
0.000306323
0.000304841
0.000303363
0.000301889
0.00030042
0.000298954
0.000297493
0.000296036
0.000294583
0.000293134
0.00029169
0.00029025
0.000288815
0.000287384
0.000285957
0.000284535
0.000283117
0.000281704
0.000280295
0.000278891
0.000277491
0.000276096
0.000274705
0.00027332
0.000271938
0.000270562
0.00026919
0.000267823
0.000266461
0.000265103
0.00026375
0.000262402
0.000261059
0.000259721
0.000258387
0.000257058
0.000255734
0.000254415
0.000253101
0.000251792
0.000250487
0.000249188
0.000247894
0.000246604
0.000245319
0.00024404
0.000242765
0.000241495
0.00024023
0.00023897
0.000237716
0.000236466
0.000235221
0.000233981
0.000232746
0.000231517
0.000230292
0.000229072
0.000227857
0.000226648
0.000225443
0.000224243
0.000223049
0.000221859
0.000220674
0.000219495
0.00021832
0.000217151
0.000215987
0.000214827
0.000213673
0.000212523
0.000211379
0.00021024
0.000209106
0.000207976
0.000206852
0.000205733
0.000204618
0.000203509
0.000202405
0.000201305
0.000200211
0.000199122
0.000198037
0.000196958
0.000195883
0.000194814
0.000193749
0.00019269
0.000191635
0.000190585
0.00018954
0.0001885
0.000187465
0.000186434
0.000185409
0.000184388
0.000183373
0.000182362
0.000181356
0.000180354
0.000179358
0.000178366
0.000177379
0.000176397
0.00017542
0.000174447
0.000173479
0.000172516
0.000171558
0.000170604
0.000169655
0.000168711
0.000167771
0.000166836
0.000165905
0.00016498
0.000164058
0.000163142
0.00016223
0.000161322
0.000160419
0.000159521
0.000158627
0.000157738
0.000156853
0.000155973
0.000155097
0.000154225
0.000153358
0.000152496
0.000151637
0.000150784
0.000149934
0.000149089
0.000148249
0.000147412
0.00014658
0.000145752
0.000144929
0.00014411
0.000143295
0.000142484
0.000141678
0.000140875
0.000140077
0.000139284
0.000138494
0.000137708
0.000136927
0.000136149
0.000135376
0.000134607
0.000133842
0.000133081
0.000132324
0.000131571
0.000130822
0.000130077
0.000129336
0.000128599
0.000127865
0.000127136
0.000126411
0.000125689
0.000124972
0.000124258
0.000123548
0.000122842
0.00012214
0.000121441
0.000120746
0.000120055
0.000119368
0.000118684
0.000118005
0.000117328
0.000116656
0.000115987
0.000115322
0.00011466
0.000114002
0.000113348
0.000112697
0.00011205
0.000111406
0.000110766
0.000110129
0.000109496
0.000108866
0.00010824
0.000107617
0.000106998
0.000106382
0.000105769
0.00010516
0.000104554
0.000103952
0.000103352
0.000102756
0.000102164
0.000101575
0.000100989
0.000100406
9.98262e-05
9.92499e-05
9.86768e-05
9.81068e-05
9.75401e-05
9.69765e-05
9.6416e-05
9.58587e-05
9.53044e-05
9.47533e-05
9.42052e-05
9.36602e-05
9.31183e-05
9.25794e-05
9.20435e-05
9.15106e-05
9.09807e-05
9.04537e-05
8.99298e-05
8.94087e-05
8.88906e-05
8.83754e-05
8.78631e-05
8.73537e-05
8.68472e-05
8.63435e-05
8.58426e-05
8.53446e-05
8.48494e-05
8.4357e-05
8.38673e-05
8.33805e-05
8.28964e-05
8.2415e-05
8.19363e-05
8.14604e-05
8.09871e-05
8.05165e-05
8.00486e-05
7.95834e-05
7.91208e-05
7.86608e-05
7.82034e-05
7.77486e-05
7.72965e-05
7.68468e-05
7.63998e-05
7.59553e-05
7.55133e-05
7.50738e-05
7.46368e-05
7.42024e-05
7.37704e-05
7.33408e-05
7.29137e-05
7.24891e-05
7.20669e-05
7.16471e-05
7.12296e-05
7.08146e-05
7.0402e-05
6.99917e-05
6.95837e-05
6.91781e-05
6.87748e-05
6.83738e-05
6.79751e-05
6.75787e-05
6.71846e-05
6.67927e-05
6.64031e-05
6.60157e-05
6.56306e-05
6.52476e-05
6.48669e-05
6.44883e-05
6.41119e-05
6.37377e-05
6.33656e-05
6.29957e-05
6.26279e-05
6.22622e-05
6.18986e-05
6.15371e-05
6.11777e-05
6.08203e-05
6.0465e-05
6.01118e-05
5.97606e-05
5.94114e-05
5.90643e-05
5.87191e-05
5.83759e-05
5.80347e-05
5.76955e-05
5.73582e-05
5.70229e-05
5.66896e-05
5.63581e-05
5.60286e-05
5.57009e-05
5.53752e-05
5.50513e-05
5.47293e-05
5.44092e-05
5.40909e-05
5.37745e-05
5.34599e-05
5.31471e-05
5.28362e-05
5.2527e-05
5.22196e-05
5.1914e-05
5.16102e-05
5.13081e-05
5.10078e-05
5.07092e-05
5.04124e-05
5.01173e-05
4.98239e-05
4.95322e-05
4.92421e-05
4.89538e-05
4.86672e-05
4.83822e-05
4.80988e-05
4.78171e-05
4.75371e-05
4.72586e-05
4.69818e-05
4.67066e-05
4.6433e-05
4.6161e-05
4.58905e-05
4.56217e-05
4.53544e-05
4.50886e-05
4.48244e-05
4.45617e-05
4.43006e-05
4.4041e-05
4.37829e-05
4.35263e-05
4.32711e-05
4.30175e-05
4.27654e-05
4.25147e-05
4.22655e-05
4.20177e-05
4.17713e-05
4.15264e-05
4.1283e-05
4.10409e-05
4.08003e-05
4.0561e-05
4.03232e-05
4.00867e-05
3.98517e-05
3.9618e-05
3.93856e-05
3.91546e-05
3.8925e-05
3.86967e-05
3.84697e-05
3.8244e-05
3.80197e-05
3.77967e-05
3.7575e-05
3.73545e-05
3.71354e-05
3.69175e-05
3.67009e-05
3.64856e-05
3.62715e-05
3.60587e-05
3.58471e-05
3.56368e-05
3.54277e-05
3.52198e-05
3.50131e-05
3.48076e-05
3.46033e-05
3.44003e-05
3.41984e-05
3.39977e-05
3.37981e-05
3.35998e-05
3.34025e-05
3.32065e-05
3.30116e-05
3.28178e-05
3.26252e-05
3.24336e-05
3.22432e-05
3.2054e-05
3.18658e-05
3.16787e-05
3.14927e-05
3.13078e-05
3.1124e-05
3.09413e-05
3.07596e-05
3.0579e-05
3.03995e-05
3.0221e-05
3.00435e-05
2.98671e-05
2.96917e-05
2.95174e-05
2.9344e-05
2.91717e-05
2.90004e-05
2.88301e-05
2.86608e-05
2.84925e-05
2.83251e-05
2.81588e-05
2.79934e-05
2.7829e-05
2.76655e-05
2.7503e-05
2.73415e-05
2.71809e-05
2.70213e-05
2.68625e-05
2.67048e-05
2.65479e-05
2.63919e-05
2.62369e-05
2.60828e-05
2.59296e-05
2.57773e-05
2.56258e-05
2.54753e-05
2.53256e-05
2.51768e-05
2.50289e-05
2.48819e-05
2.47357e-05
2.45904e-05
2.44459e-05
2.43023e-05
2.41595e-05
2.40176e-05
2.38764e-05
2.37362e-05
2.35967e-05
2.3458e-05
2.33202e-05
2.31832e-05
2.3047e-05
2.29115e-05
2.27769e-05
2.26431e-05
2.251e-05
2.23777e-05
2.22462e-05
2.21155e-05
2.19856e-05
2.18564e-05
2.17279e-05
2.16002e-05
2.14733e-05
2.13471e-05
2.12217e-05
2.10969e-05
2.0973e-05
2.08497e-05
2.07272e-05
2.06053e-05
2.04842e-05
2.03639e-05
2.02442e-05
2.01252e-05
2.00069e-05
1.98893e-05
1.97724e-05
1.96562e-05
1.95407e-05
1.94258e-05
1.93117e-05
1.91981e-05
1.90853e-05
1.89731e-05
1.88616e-05
1.87507e-05
1.86405e-05
1.8531e-05
1.8422e-05
1.83137e-05
1.82061e-05
1.80991e-05
1.79927e-05
1.78869e-05
1.77818e-05
1.76773e-05
1.75733e-05
1.747e-05
1.73673e-05
1.72652e-05
1.71638e-05
1.70629e-05
1.69625e-05
1.68628e-05
1.67637e-05
1.66652e-05
1.65672e-05
1.64698e-05
1.6373e-05
1.62767e-05
1.6181e-05
1.60859e-05
1.59913e-05
1.58973e-05
1.58039e-05
1.57109e-05
1.56186e-05
1.55268e-05
1.54355e-05
1.53447e-05
1.52545e-05
1.51648e-05
1.50757e-05
1.4987e-05
1.48989e-05
1.48113e-05
1.47243e-05
1.46377e-05
1.45516e-05
1.44661e-05
1.4381e-05
1.42965e-05
1.42124e-05
1.41288e-05
1.40458e-05
1.39632e-05
1.38811e-05
1.37995e-05
1.37183e-05
1.36377e-05
1.35575e-05
1.34778e-05
1.33985e-05
1.33198e-05
1.32414e-05
1.31636e-05
1.30862e-05
1.30092e-05
1.29327e-05
1.28567e-05
1.27811e-05
1.27059e-05
1.26312e-05
1.2557e-05
1.24831e-05
1.24097e-05
1.23368e-05
1.22642e-05
1.21921e-05
1.21204e-05
1.20491e-05
1.19783e-05
1.19079e-05
1.18378e-05
1.17682e-05
1.1699e-05
1.16302e-05
1.15618e-05
1.14939e-05
1.14263e-05
1.13591e-05
1.12923e-05
1.12259e-05
1.11599e-05
1.10942e-05
1.1029e-05
1.09642e-05
1.08997e-05
1.08356e-05
1.07719e-05
1.07085e-05
1.06456e-05
1.0583e-05
1.05207e-05
1.04589e-05
1.03973e-05
1.03362e-05
1.02754e-05
1.0215e-05
1.01549e-05
1.00952e-05
1.00358e-05
9.97683e-06
9.91816e-06
9.85983e-06
9.80185e-06
9.74421e-06
9.6869e-06
9.62994e-06
9.57331e-06
9.51701e-06
9.46104e-06
9.4054e-06
9.35009e-06
9.29511e-06
9.24045e-06
9.1861e-06
9.13208e-06
9.07838e-06
9.02499e-06
8.97192e-06
8.91915e-06
8.8667e-06
8.81456e-06
8.76272e-06
8.71119e-06
8.65996e-06
8.60903e-06
8.5584e-06
8.50807e-06
8.45803e-06
8.40829e-06
8.35884e-06
8.30969e-06
8.26082e-06
8.21223e-06
8.16394e-06
8.11593e-06
