0.006
0.003
0.0691704
0.104003
0.121137
0.129811
0.135033
0.138611
0.141258
0.143311
0.144953
0.146298
0.14742
0.14837
0.149186
0.149893
0.150512
0.15106
0.151546
0.151982
0.152375
0.152731
0.153055
0.153351
0.153622
0.153872
0.154103
0.154317
0.154516
0.154701
0.154874
0.155037
0.155189
0.155332
0.155466
0.155593
0.155713
0.155827
0.155935
0.156037
0.156134
0.156227
0.156315
0.156399
0.156479
0.156556
0.15663
0.1567
0.156768
0.156832
0.156895
0.156955
0.157012
0.157068
0.157121
0.157172
0.157222
0.15727
0.157316
0.157361
0.157404
0.157446
0.157487
0.157526
0.157564
0.157601
0.157637
0.157671
0.157705
0.157738
0.15777
0.157801
0.157831
0.15786
0.157888
0.157916
0.157943
0.157969
0.157995
0.15802
0.158045
0.158068
0.158092
0.158114
0.158136
0.158158
0.158179
0.1582
0.15822
0.15824
0.158259
0.158278
0.158296
0.158314
0.158332
0.158349
0.158366
0.158383
0.158399
0.158415
0.158431
0.158446
0.158461
0.158476
0.158491
0.158505
0.158519
0.158532
0.158546
0.158559
0.158572
0.158585
0.158597
0.158609
0.158622
0.158633
0.158645
0.158657
0.158668
0.158679
0.15869
0.158701
0.158711
0.158722
0.158732
0.158742
0.158752
0.158762
0.158771
0.158781
0.15879
0.158799
0.158808
0.158817
0.158826
0.158835
0.158843
0.158852
0.15886
0.158869
0.158877
0.158885
0.158893
0.1589
0.158908
0.158916
0.158923
0.158931
0.158938
0.158945
0.158952
0.158959
0.158966
0.158973
0.15898
0.158987
0.158994
0.159
0.159007
0.159013
0.159019
0.159026
0.159032
0.159038
0.159044
0.15905
0.159056
0.159062
0.159068
0.159074
0.15908
0.159085
0.159091
0.159097
0.159102
0.159108
0.159113
0.159118
0.159124
0.159129
0.159134
0.159139
0.159145
0.15915
0.159155
0.15916
0.159165
0.15917
0.159174
0.159179
0.159184
0.159189
0.159194
0.159198
0.159203
0.159208
0.159212
0.159217
0.159221
0.159226
0.15923
0.159234
0.159239
0.159243
0.159247
0.159252
0.159256
0.15926
0.159264
0.159268
0.159273
0.159277
0.159281
0.159285
0.159289
0.159293
0.159297
0.159301
0.159304
0.159308
0.159312
0.159316
0.15932
0.159324
0.159327
0.159331
0.159335
0.159338
0.159342
0.159345
0.159349
0.159353
0.159356
0.15936
0.159363
0.159367
0.15937
0.159373
0.159377
0.15938
0.159383
0.159387
0.15939
0.159393
0.159397
0.1594
0.159403
0.159406
0.159409
0.159413
0.159416
0.159419
0.159422
0.159425
0.159428
0.159431
0.159434
0.159437
0.15944
0.159443
0.159446
0.159448
0.159451
0.159454
0.159457
0.15946
0.159463
0.159465
0.159468
0.159471
0.159473
0.159476
0.159479
0.159481
0.159484
0.159487
0.159489
0.159492
0.159494
0.159497
0.159499
0.159502
0.159504
0.159507
0.159509
0.159512
0.159514
0.159516
0.159519
0.159521
0.159524
0.159526
0.159528
0.15953
0.159533
0.159535
0.159537
0.159539
0.159541
0.159544
0.159546
0.159548
0.15955
0.159552
0.159554
0.159556
0.159558
0.15956
0.159562
0.159564
0.159566
0.159568
0.15957
0.159572
0.159574
0.159576
0.159578
0.15958
0.159582
0.159583
0.159585
0.159587
0.159589
0.159591
0.159592
0.159594
0.159596
0.159598
0.159599
0.159601
0.159603
0.159604
0.159606
0.159608
0.159609
0.159611
0.159612
0.159614
0.159615
0.159617
0.159618
0.15962
0.159621
0.159623
0.159624
0.159626
0.159627
0.159629
0.15963
0.159632
0.159633
0.159634
0.159636
0.159637
0.159638
0.15964
0.159641
0.159642
0.159644
0.159645
0.159646
0.159647
0.159649
0.15965
0.159651
0.159652
0.159654
0.159655
0.159656
0.159657
0.159658
0.159659
0.159661
0.159662
0.159663
0.159664
0.159665
0.159666
0.159667
0.159668
0.159669
0.15967
0.159671
0.159672
0.159673
0.159674
0.159675
0.159676
0.159677
0.159678
0.159679
0.15968
0.159681
0.159682
0.159683
0.159684
0.159684
0.159685
0.159686
0.159687
0.159688
0.159689
0.15969
0.15969
0.159691
0.159692
0.159693
0.159694
0.159694
0.159695
0.159696
0.159697
0.159697
0.159698
0.159699
0.1597
0.1597
0.159701
0.159702
0.159703
0.159703
0.159704
0.159705
0.159705
0.159706
0.159707
0.159707
0.159708
0.159708
0.159709
0.15971
0.15971
0.159711
0.159712
0.159712
0.159713
0.159713
0.159714
0.159714
0.159715
0.159716
0.159716
0.159717
0.159717
0.159718
0.159718
0.159719
0.159719
0.15972
0.15972
0.159721
0.159721
0.159722
0.159722
0.159723
0.159723
0.159724
0.159724
0.159725
0.159725
0.159726
0.159726
0.159726
0.159727
0.159727
0.159728
0.159728
0.159729
0.159729
0.159729
0.15973
0.15973
0.159731
0.159731
0.159731
0.159732
0.159732
0.159732
0.159733
0.159733
0.159734
0.159734
0.159734
0.159735
0.159735
0.159735
0.159736
0.159736
0.159736
0.159737
0.159737
0.159737
0.159738
0.159738
0.159738
0.159739
0.159739
0.159739
0.159739
0.15974
0.15974
0.15974
0.159741
0.159741
0.159741
0.159741
0.159742
0.159742
0.159742
0.159742
0.159743
0.159743
0.159743
0.159743
0.159744
0.159744
0.159744
0.159744
0.159745
0.159745
0.159745
0.159745
0.159746
0.159746
0.159746
0.159746
0.159746
0.159747
0.159747
0.159747
0.159747
0.159747
0.159748
0.159748
0.159748
0.159748
0.159748
0.159749
0.159749
0.159749
0.159749
0.159749
0.15975
0.15975
0.15975
0.15975
0.15975
0.15975
0.159751
0.159751
0.159751
0.159751
0.159751
0.159751
0.159751
0.159752
0.159752
0.159752
0.159752
0.159752
0.159752
0.159753
0.159753
0.159753
0.159753
0.159753
0.159753
0.159753
0.159753
0.159754
0.159754
0.159754
0.159754
0.159754
0.159754
0.159754
0.159754
0.159755
0.159755
0.159755
0.159755
0.159755
0.159755
0.159755
0.159755
0.159756
0.159756
0.159756
0.159756
0.159756
0.159756
0.159756
0.159756
0.159756
0.159756
0.159757
0.159757
0.159757
0.159757
0.159757
0.159757
0.159757
0.159757
0.159757
0.159757
0.159757
0.159758
0.159758
0.159758
0.159758
0.159758
0.159758
0.159758
0.159758
0.159758
0.159758
0.159758
0.159758
0.159758
0.159759
0.159759
0.159759
0.159759
0.159759
0.159759
0.159759
0.159759
0.159759
0.159759
0.159759
0.159759
0.159759
0.159759
0.159759
0.15976
0.15976
0.15976
0.15976
0.15976
0.15976
0.15976
0.15976
0.15976
0.15976
0.15976
0.15976
0.15976
0.15976
0.15976
0.15976
0.15976
0.15976
0.159761
0.159761
0.159761
0.159761
0.159761
0.159761
0.159761
0.159761
0.159761
0.159761
0.159761
0.159761
0.159761
0.159761
0.159761
0.159761
0.159761
0.159761
0.159761
0.159761
0.159761
0.159761
0.159761
0.159762
0.159762
0.159762
0.159762
0.159762
0.159762
0.159762
0.159762
0.159762
0.159762
0.159762
0.159762
0.159762
0.159762
0.159762
0.159762
0.159762
0.159762
0.159762
0.159762
0.159762
0.159762
0.159762
0.159762
0.159762
0.159762
0.159762
0.159762
0.159762
0.159762
0.159762
0.159762
0.159763
0.159763
0.159763
0.159763
0.159763
0.159763
0.159763
0.159763
0.159763
0.159763
0.159763
0.159763
0.159763
0.159763
0.159763
0.159763
0.159763
0.159763
0.159763
0.159763
0.159763
0.159763
0.159763
0.159763
0.159763
0.159763
0.159763
0.159763
0.159763
0.159763
0.159763
0.159763
0.159763
0.159763
0.159763
0.159763
0.159763
0.159763
0.159763
0.159763
0.159763
0.159763
0.159763
0.159763
0.159763
0.159763
0.159763
0.159763
0.159763
0.159763
0.159763
0.159764
0.159764
0.159764
0.159764
0.159764
0.159764
0.159764
0.159764
0.159764
0.159764
0.159764
0.159764
0.159764
0.159764
0.159764
0.159764
0.159764
0.159764
0.159764
0.159764
0.159764
0.159764
0.159764
0.159764
0.159764
0.159764
0.159764
0.159764
0.159764
0.159764
0.159764
0.159764
0.159764
0.159764
0.159764
0.159764
0.159764
0.159764
0.159764
0.159764
0.159764
0.159764
0.159764
0.159764
0.159764
0.159764
0.159764
0.159764
0.159764
0.159764
0.159764
0.159764
0.159764
0.159764
0.159764
0.159764
0.159764
0.159764
0.159764
0.159764
0.159764
0.159764
0.159764
0.159764
0.159764
0.159764
0.159764
0.159764
0.159764
0.159764
0.159764
0.159764
0.159764
0.159764
0.159764
0.159764
0.159764
0.159764
0.159764
0.159764
0.159764
0.159764
0.159764
0.159764
0.159764
0.159764
0.159764
0.159764
0.159764
0.159764
0.159764
0.159764
0.159764
0.159764
0.159764
0.159764
0.159764
0.159764
0.159764
0.159764
0.159764
0.159764
0.159764
0.159764
0.159764
0.159764
0.159764
0.159764
0.159764
0.159764
0.159764
0.159764
0.159764
0.159764
0.159764
0.159764
0.159764
0.159764
0.159764
0.159764
0.159764
0.159764
0.159764
0.159764
0.159764
0.159764
0.159764
0.159764
0.159764
0.159764
0.159764
0.159764
0.159764
0.159764
0.159764
0.159764
0.159764
0.159764
0.159764
0.159764
0.159764
0.159764
0.159764
0.159764
0.159764
0.159764
0.159764
0.159764
0.159764
0.159765
0.159765
0.159765
0.159765
0.159765
0.159765
0.159765
0.159765
0.159765
0.159765
0.159765
0.159765
0.159765
0.159765
0.159765
0.159765
0.159765
0.159765
0.159765
0.159765
0.159765
0.159765
0.159765
0.159765
0.159765
0.159765
0.159765
0.159765
0.159765
0.159765
0.159765
0.159765
0.159765
0.159765
0.159765
0.159765
0.159765
0.159765
0.159765
0.159765
0.159765
0.159765
0.159765
0.159765
0.159765
0.159765
0.159765
0.159765
0.159765
0.159765
0.159765
0.159765
0.159765
0.159765
0.159765
0.159765
0.159765
0.159765
0.159765
0.159765
0.159765
0.159765
0.159765
0.159765
0.159765
0.159765
0.159765
0.159765
0.159765
0.159765
0.159765
0.159765
0.159765
0.159765
0.159765
0.159765
0.159765
0.159765
0.159765
0.159765
0.159765
0.159765
0.159765
0.159765
0.159765
0.159765
0.159765
0.159765
0.159765
0.159765
0.159765
0.159765
0.159765
