0.1
0.19
0.27
0.3401
0.40049
0.45144
0.49329
0.526441
0.551344
0.568492
0.578411
0.581654
0.578789
0.570393
0.557049
0.539336
0.517824
0.493069
0.465611
0.435969
0.404635
0.372074
0.338724
0.304987
0.271237
0.237812
0.205017
0.173124
0.14237
0.11296
0.0850667
0.0588337
0.0343732
0.0117705
-0.00891572
-0.027651
-0.0444236
-0.0592424
-0.0721351
-0.0831461
-0.0923347
-0.099773
-0.105544
-0.10974
-0.112461
-0.113813
-0.113905
-0.11285
-0.110761
-0.107752
-0.103937
-0.0994254
-0.0943259
-0.0887421
-0.0827733
-0.0765141
-0.070053
-0.0634729
-0.0568503
-0.0502552
-0.0437511
-0.0373949
-0.0312368
-0.0253206
-0.0196836
-0.0143571
-0.00936637
-0.00473118
-0.000465849
0.00342026
0.00692242
0.0100402
0.0127769
0.0151396
0.0171382
0.0187856
0.0200968
0.0210891
0.0217812
0.0221931
0.0223461
0.0222619
0.0219626
0.0214706
0.0208082
0.0199973
0.0190594
0.0180154
0.0168851
0.0156877
0.0144413
0.0131625
0.0118673
0.0105699
0.00928363
0.00802027
0.00679041
0.00560332
0.00446705
0.00338837
0.00237288
