0.9
0.81
0.73
0.6599
0.59951
0.54856
0.50671
0.473559
0.448656
0.431508
0.421589
0.418346
0.421211
0.429607
0.442951
0.460664
0.482176
0.506931
0.534389
0.564031
0.595365
0.627926
0.661276
0.695013
0.728763
0.762188
0.794983
0.826876
0.85763
0.88704
0.914933
0.941166
0.965627
0.98823
1.00892
1.02765
1.04442
1.05924
1.07214
1.08315
1.09233
1.09977
1.10554
1.10974
1.11246
1.11381
1.1139
1.11285
1.11076
1.10775
1.10394
1.09943
1.09433
1.08874
1.08277
1.07651
1.07005
1.06347
1.05685
1.05026
1.04375
1.03739
1.03124
1.02532
1.01968
1.01436
1.00937
1.00473
1.00047
0.99658
0.993078
0.98996
0.987223
0.98486
0.982862
0.981214
0.979903
0.978911
0.978219
0.977807
0.977654
0.977738
0.978037
0.978529
0.979192
0.980003
0.980941
0.981985
0.983115
0.984312
0.985559
0.986837
0.988133
0.98943
0.990716
0.99198
0.99321
0.994397
0.995533
0.996612
0.997627
