0
0.01
0.029
0.056
0.09001
0.130059
0.175203
0.224532
0.277176
0.33231
0.38916
0.447001
0.505166
0.563045
0.620084
0.675789
0.729723
0.781505
0.830812
0.877373
0.92097
0.961434
0.998641
1.03251
1.06301
1.09014
1.11392
1.13442
1.15173
1.16597
1.17726
1.18577
1.19165
1.19509
1.19627
1.19538
1.19261
1.18817
1.18225
1.17503
1.16672
1.15748
1.14751
1.13695
1.12598
1.11473
1.10335
1.09196
1.08068
1.0696
1.05882
1.04843
1.03849
1.02905
1.02018
1.0119
1.00425
0.997247
0.990899
0.985214
0.980189
0.975814
0.972074
0.968951
0.966419
0.96445
0.963014
0.962078
0.961605
0.961558
0.9619
0.962592
0.963596
0.964874
0.966388
0.968102
0.96998
0.97199
0.974099
0.976277
0.978496
0.980731
0.982957
0.985154
0.987301
0.989381
0.991381
0.993287
0.995089
0.996777
0.998346
0.99979
1.00111
1.00229
1.00335
1.00428
1.00508
1.00576
1.00632
1.00677
1.00711
