0.0900901
0.170441
0.241293
0.30295
0.355768
0.400147
0.436522
0.46536
0.487148
0.502388
0.511592
0.515275
0.513951
0.508127
0.498303
0.484964
0.468577
0.449593
0.42844
0.405523
0.381224
0.355898
0.329876
0.303461
0.276929
0.250532
0.224494
0.199014
0.174266
0.1504
0.127545
0.105805
0.0852671
0.0659959
0.0480399
0.0314305
0.0161839
0.00230247
-0.0102241
-0.0214171
-0.031308
-0.0399367
-0.0473505
-0.053603
-0.058753
-0.0628633
-0.0659999
-0.0682311
-0.0696265
-0.0702564
-0.0701909
-0.0694995
-0.0682506
-0.0665105
-0.0643437
-0.0618119
-0.0589742
-0.0558864
-0.0526011
-0.0491675
-0.0456312
-0.0420342
-0.0384151
-0.0348085
-0.0312457
-0.0277545
-0.0243592
-0.021081
-0.0179377
-0.0149443
-0.0121129
-0.00945294
-0.00697145
-0.00467306
-0.00256035
-0.000633931
0.00110729
0.00266598
0.00404619
0.00525317
0.00629321
0.00717349
0.00790191
0.00848695
0.00893756
0.00926299
0.00947273
0.00957634
0.00958341
0.00950344
0.00934578
0.00911954
0.00883357
0.00849636
0.00811602
0.00770025
0.00725632
0.00679101
0.00631062
0.00582099
0.00532745
