0.90991
0.829559
0.758707
0.69705
0.644232
0.599853
0.563478
0.53464
0.512852
0.497612
0.488408
0.484725
0.486049
0.491873
0.501697
0.515036
0.531423
0.550407
0.57156
0.594477
0.618776
0.644102
0.670124
0.696539
0.723071
0.749468
0.775506
0.800986
0.825734
0.8496
0.872455
0.894195
0.914733
0.934004
0.95196
0.96857
0.983816
0.997698
1.01022
1.02142
1.03131
1.03994
1.04735
1.0536
1.05875
1.06286
1.066
1.06823
1.06963
1.07026
1.07019
1.0695
1.06825
1.06651
1.06434
1.06181
1.05897
1.05589
1.0526
1.04917
1.04563
1.04203
1.03842
1.03481
1.03125
1.02775
1.02436
1.02108
1.01794
1.01494
1.01211
1.00945
1.00697
1.00467
1.00256
1.00063
0.998893
0.997334
0.995954
0.994747
0.993707
0.992827
0.992098
0.991513
0.991062
0.990737
0.990527
0.990424
0.990417
0.990497
0.990654
0.99088
0.991166
0.991504
0.991884
0.9923
0.992744
0.993209
0.993689
0.994179
0.994673
