0.00900901
0.0260531
0.0501824
0.0804774
0.116054
0.156069
0.199721
0.246257
0.294972
0.345211
0.39637
0.447898
0.499293
0.550105
0.599936
0.648432
0.69529
0.740249
0.783093
0.823645
0.861768
0.897358
0.930345
0.960691
0.988384
1.01344
1.03589
1.05579
1.07321
1.08825
1.10101
1.11159
1.12012
1.12672
1.13152
1.13466
1.13628
1.13651
1.13549
1.13335
1.13022
1.12622
1.12149
1.11613
1.11025
1.10397
1.09737
1.09054
1.08358
1.07655
1.06954
1.06259
1.05576
1.04911
1.04268
1.03649
1.0306
1.02501
1.01975
1.01483
1.01027
1.00606
1.00222
0.998742
0.995618
0.992842
0.990407
0.988298
0.986505
0.98501
0.983799
0.982854
0.982157
0.981689
0.981433
0.98137
0.981481
0.981747
0.982152
0.982677
0.983306
0.984024
0.984814
0.985663
0.986556
0.987483
0.98843
0.989388
0.990346
0.991296
0.992231
0.993143
0.994026
0.994876
0.995687
0.996457
0.997183
0.997862
0.998493
0.999075
0.999608
