0.0950119
0.180094
0.255381
0.321088
0.377502
0.424969
0.463888
0.494702
0.517889
0.533951
0.543414
0.546816
0.544698
0.537607
0.526081
0.510652
0.491837
0.470137
0.446031
0.419979
0.392411
0.363734
0.334326
0.304535
0.274682
0.245055
0.215914
0.187491
0.159987
0.133577
0.108406
0.084597
0.0622463
0.0414277
0.0221936
0.00457604
-0.0114111
-0.0257708
-0.0385214
-0.0496945
-0.0593339
-0.0674936
-0.0742368
-0.079634
-0.0837618
-0.0867016
-0.0885383
-0.0893592
-0.0892531
-0.0883091
-0.0866158
-0.0842604
-0.0813282
-0.0779019
-0.0740609
-0.0698813
-0.0654348
-0.060789
-0.0560071
-0.0511474
-0.0462635
-0.041404
-0.0366129
-0.0319291
-0.0273869
-0.0230161
-0.0188419
-0.0148853
-0.0111632
-0.00768866
-0.00447119
-0.00151694
0.00117104
0.0035925
0.00574976
0.00764742
0.00929212
0.0106923
0.0118578
0.0127999
0.0135309
0.0140639
0.0144126
0.0145913
0.0146143
0.0144963
0.0142518
0.0138951
0.0134403
0.012901
0.0122903
0.0116209
0.0109047
0.010153
0.00937615
0.00858406
0.00778568
0.00698917
0.00620194
0.00543057
0.0046809
