0.904988
0.819906
0.744619
0.678912
0.622498
0.575031
0.536112
0.505298
0.482111
0.466049
0.456586
0.453184
0.455302
0.462393
0.473919
0.489348
0.508163
0.529863
0.553969
0.580021
0.607589
0.636266
0.665674
0.695465
0.725318
0.754945
0.784086
0.812509
0.840013
0.866423
0.891594
0.915403
0.937754
0.958572
0.977806
0.995424
1.01141
1.02577
1.03852
1.04969
1.05933
1.06749
1.07424
1.07963
1.08376
1.0867
1.08854
1.08936
1.08925
1.08831
1.08662
1.08426
1.08133
1.0779
1.07406
1.06988
1.06543
1.06079
1.05601
1.05115
1.04626
1.0414
1.03661
1.03193
1.02739
1.02302
1.01884
1.01489
1.01116
1.00769
1.00447
1.00152
0.998829
0.996408
0.99425
0.992353
0.990708
0.989308
0.988142
0.9872
0.986469
0.985936
0.985587
0.985409
0.985386
0.985504
0.985748
0.986105
0.98656
0.987099
0.98771
0.988379
0.989095
0.989847
0.990624
0.991416
0.992214
0.993011
0.993798
0.994569
0.995319
