0.00475059
0.0185059
0.0402796
0.0691031
0.104033
0.144156
0.188599
0.236528
0.287158
0.33975
0.393618
0.44813
0.502705
0.556821
0.610005
0.661842
0.711966
0.760065
0.805873
0.849174
0.889793
0.927601
0.962503
0.994447
1.02341
1.04939
1.07244
1.09261
1.10999
1.12467
1.13676
1.14641
1.15376
1.15894
1.16212
1.16346
1.16312
1.16126
1.15804
1.15363
1.14818
1.14184
1.13475
1.12706
1.11889
1.11037
1.10161
1.09271
1.08378
1.0749
1.06616
1.05761
1.04933
1.04137
1.03377
1.02658
1.01981
1.0135
1.00766
1.0023
0.997431
0.993047
0.989147
0.985719
0.982754
0.980234
0.978141
0.976454
0.975152
0.974209
0.973601
0.973302
0.973285
0.973523
0.97399
0.97466
0.975507
0.976506
0.977633
0.978866
0.980183
0.981563
0.982986
0.984437
0.985897
0.987352
0.98879
0.990197
0.991564
0.992881
0.994141
0.995336
0.996462
0.997515
0.998492
0.99939
1.00021
1.00095
1.00161
1.00219
1.00269
