0.0147826
1.71033e-06
7.60217e-07
7.06919e-11
3.98135e-11
0
0.00369694
1.06962e-07
4.75398e-08
1.10401e-12
6.18172e-13
1.77636e-15
0.000924316
6.68616e-09
2.97165e-09
1.68754e-14
6.21725e-15
0
0.000231084
4.17905e-10
1.8573e-10
3.55271e-15
1.77636e-15
1.77636e-15
5.77713e-05
2.61107e-11
1.1612e-11
0
1.77636e-15
5.32907e-15
1.44428e-05
1.6378e-12
7.2653e-13
1.77636e-15
3.55271e-15
1.77636e-15
3.61071e-06
1.05693e-13
4.52971e-14
8.88178e-16
7.10543e-15
0
9.02678e-07
3.55271e-15
0
8.88178e-15
7.99361e-15
2.93099e-14
