0.00654
0.0126365
0.0186738
0.0245928
0.0303342
0.0358388
0.0410476
0.0459012
0.0503406
0.0543065
0.0577398
0.0605812
0.0627717
0.0642519
0.0649627
0.064845
0.0638396
0.0618872
0.0589287
0.054905
0.0497567
0.0434248
0.0358501
0.0269733
0.0167354
0.005077
-0.00800885
-0.022321
-0.0376061
-0.053611
-0.0700823
-0.0867667
-0.103411
-0.119762
-0.135566
-0.15057
-0.164521
-0.177165
-0.18825
-0.197521
-0.204726
-0.209611
-0.211924
-0.21141
-0.207816
-0.20089
-0.190377
-0.176025
-0.157581
-0.13479
-0.1074
-0.0748896
-0.0356655
0.0121333
0.070368
0.1409
0.225589
0.326298
0.444888
0.583218
0.743151
0.926548
1.13527
1.37118
1.63613
1.93199
2.26062
2.62389
3.02364
3.46174
3.94006
4.46046
5.02479
5.63491
6.2927
7
7.76016
8.58239
9.4774
10.4559
11.5285
12.706
13.9991
15.4184
16.9747
18.6787
20.541
22.5723
24.7834
27.1849
29.7875
32.602
35.6391
38.9093
42.4235
46.1923
50.2264
54.5365
59.1334
64.0276
69.23
74.748
80.5767
86.7078
93.1333
99.8449
106.835
114.094
121.615
129.39
137.41
145.667
154.153
162.86
171.78
180.904
190.225
199.733
209.422
219.283
229.307
239.487
249.815
260.282
270.879
281.6
292.429
303.324
314.237
325.121
335.926
346.605
357.109
367.39
377.4
387.09
396.413
405.319
413.762
421.692
429.061
435.821
441.924
447.322
451.966
455.808
458.8
460.893
462.04
462.191
461.3
459.334
456.333
452.351
447.445
441.67
435.081
427.735
419.686
410.99
401.704
391.882
381.581
370.855
359.761
348.354
336.689
324.823
312.81
300.707
288.569
276.451
264.41
252.501
240.779
229.3
218.111
207.221
196.631
186.342
176.355
166.67
157.288
148.21
139.437
130.969
122.807
114.952
107.405
100.166
93.2361
86.616
80.3065
74.3083
68.6221
63.2487
58.1889
53.4434
49.0129
44.8982
41.1
37.6166
34.4367
31.5463
28.9315
26.5786
24.4736
22.6027
20.9521
19.5077
18.2559
17.1827
16.2743
15.5167
14.8962
14.3989
14.0109
13.7183
13.5073
13.364
13.2746
13.2252
13.2019
13.1908
13.1781
13.15
13.0952
13.0129
12.9052
12.774
12.6211
12.4485
12.2582
12.052
11.8319
11.5998
11.3577
11.1075
10.851
10.5903
10.3272
10.0638
9.80182
9.54331
9.29016
9.04431
8.80769
8.58222
8.36983
8.17244
7.992
7.82998
7.68609
7.55962
7.44983
7.356
7.27739
7.21329
7.16297
7.1257
7.10075
7.08739
7.08491
7.09257
7.10964
7.1354
7.16913
7.21009
7.25755
7.3108
7.36911
7.43174
7.49797
7.56707
7.63833
7.711
7.78448
7.85863
7.93342
8.00882
8.0848
8.16133
8.23839
8.31595
8.39398
8.47246
8.55135
8.63063
8.71028
8.79025
8.87053
8.95108
9.03189
9.11292
9.19414
9.27553
9.35706
9.4387
9.52042
9.6022
9.684

