0
0.0061475
0.0122368
0.0182088
0.0240042
0.0295628
0.0348266
0.0397362
0.0442326
0.0482555
0.0517458
0.0546462
0.0568947
0.0584349
0.0592047
0.059147
0.0582026
0.0563112
0.0534137
0.049452
0.0443657
0.0380958
0.0305841
0.0217703
0.0115954
2.60209e-17
4.89799
4.39568
3.94639
3.54439
3.18492
2.86223
2.57459
2.31624
2.08543
1.87943
1.69548
1.53183
1.38575
1.25648
1.14127
1.03839
0.945076
0.85659
0.768284
0.67411
0.568323
0.447375
0.313619
0.16521
5.55112e-17
0.17779
0.363266
0.551567
0.738632
0.9211
1.09541
1.2597
1.41011
1.54478
1.66085
1.75745
1.82973
1.87882
1.89987
1.89301
1.85538
1.78511
1.68036
1.54026
1.36294
1.22254
0.972214
0.688088
0.367303
8.88178e-16
0.396156
0.839389
1.3394
1.90188
2.53852
3.25403
4.05611
4.94844
5.94472
7.03866
8.24095
9.54229
10.9434
12.4249
13.9575
15.472
16.8591
17.7993
17.3335
18.6423
21.4064
24.3265
27.2334
14.5376
1.42109e-14
1.59198
0.883313
0.57217
1.17671
2.55509
4.36549
6.60605
9.18494
11.8103
14.7904
17.7332
20.8471
24.0401
26.5203
23.7961
21.7755
19.9667
18.1778
16.217
14.0926
11.8125
9.38508
6.6184
3.42066
0
8.97127
5.97605
2.66256
0.820925
4.32617
7.90494
11.209
13.59
10.9998
13.0902
16.2128
19.2194
22.2619
25.0918
27.6611
26.7214
26.6245
24.6221
13.366
14.208
12.5998
10.2931
7.53976
4.09147
5.68434e-14
1.3656
0.267027
0.94868
3.05495
6.23025
10.019
14.1655
18.3142
22.1095
25.1958
27.2176
28.5191
29.0448
29.039
28.5463
27.6109
26.1774
23.3899
21.3931
19.7312
17.6486
13.2899
6.99923
3.42114
0
3.11066
6.02073
8.53095
10.7421
12.5548
14.0699
15.1882
15.9103
16.3371
16.3692
16.2074
15.7824
15.1051
14.2361
13.1961
12.026
10.7465
9.38827
7.99211
6.56874
5.14892
3.7634
2.4329
1.16819
2.84217e-14
1.05336
1.99331
2.81372
3.51846
4.11139
4.58637
4.94726
5.20794
5.36225
5.41408
5.38728
5.26572
5.06325
4.80375
4.47108
4.0891
3.67168
3.21268
2.73596
2.24539
1.75483
1.27815
0.809206
0.381869
1.24345e-14
0.335169
0.622933
0.855221
1.04396
1.19108
1.2985
1.37816
1.42199
1.4419
1.42983
1.39571
1.34347
1.27402
1.18931
1.09325
0.986779
0.872821
0.755306
0.635159
0.51531
0.397687
0.285216
0.179826
0.0844446
8.88178e-16
0.0700225
0.126907
0.171381
0.203171
0.222004
0.229607
0.226706
0.212029
0.188302
0.155252
0.112605
0.0880899
0.068432
0.0543586
0.0425964
0.0328724
0.0249133
0.018446
0.0131974
0.00889422
0.00526337
0.00203168
0.000926
0.000326842
0
0.00151685
0.00536796
0.00858108
0.0131839
0.0182043
0.0236698
0.0286083
0.0340476
0.0390152
0.042539
0.0466468
0.0493662
0.0517249
0.0527509
0.0534716
0.052915
0.0511088
0.0480806
0.0448583
0.0404695
0.033942
0.0273036
0.019582
0.0108049
0

