0.00654
0.0917871
0.174749
0.253142
0.324679
0.387078
0.438051
0.475315
0.496585
0.499575
0.482001
0.441579
0.376022
0.283046
0.160366
0.005698
-0.181925
-0.398192
-0.637475
-0.894143
-1.16257
-1.43712
-1.71217
-1.98209
-2.24125
-2.48402
-2.70477
-2.89787
-3.0577
-3.17862
-3.255
-3.28289
-3.26503
-3.20581
-3.10966
-2.98098
-2.82418
-2.64367
-2.44385
-2.22914
-2.00395
-1.77267
-1.53973
-1.30954
-1.08649
-0.875
-0.678148
-0.493688
-0.318043
-0.147636
0.0211091
0.191769
0.36792
0.553139
0.751002
0.965087
1.19897
1.45622
1.74043
2.05516
2.404
2.7884
3.20132
3.63361
4.07612
4.51969
4.95518
5.37341
5.76525
6.12154
6.43312
6.69083
6.88553
7.00807
7.04927
7
6.85899
6.65658
6.43098
6.22043
6.06315
5.99737
6.06131
6.29321
6.73127
7.41374
8.37883
9.66478
11.3098
13.3521
15.83
18.7731
22.1768
26.0282
30.3141
35.0215
40.1372
45.6483
51.5417
57.8042
64.4228
71.3845
78.6761
86.2846
94.1969
102.4
110.878
119.607
128.559
137.706
147.021
156.477
166.047
175.702
185.416
195.162
204.911
214.637
224.312
233.909
243.4
252.764
262.002
271.122
280.131
289.037
297.846
306.566
315.204
323.768
332.265
340.702
349.087
357.427
365.728
374
382.237
390.391
398.4
406.206
413.746
420.962
427.792
434.176
440.053
445.364
450.047
454.043
457.29
459.73
461.3
461.952
461.681
460.493
458.393
455.389
451.485
446.689
441.006
434.441
427.003
418.695
409.525
399.499
388.621
376.9
364.358
351.09
337.209
322.828
308.058
293.013
277.806
262.548
247.353
232.333
217.601
203.268
189.449
176.256
163.8
152.17
141.351
131.304
121.991
113.371
105.405
98.0544
91.2796
85.0413
79.3003
74.0173
69.1531
64.6683
60.5237
56.68
53.1025
49.7745
46.6837
43.8181
41.1654
38.7134
36.45
34.363
32.4403
30.6695
29.0386
27.5354
26.1477
24.8633
23.67
22.5571
21.5193
20.553
19.6542
18.8193
18.0445
17.3259
16.6598
16.0425
15.4701
14.9389
14.445
13.9848
13.5544
13.15
12.7684
12.4081
12.0682
11.7477
11.4457
11.1612
10.8933
10.6411
10.4035
10.1798
9.96879
9.76967
9.58146
9.40322
9.234
9.07298
8.91988
8.77453
8.63678
8.50648
8.38346
8.26756
8.15863
8.05652
7.96105
7.87208
7.78945
7.713
7.64257
7.578
7.51919
7.46624
7.41928
7.37848
7.34398
7.31592
7.29446
7.27975
7.27192
7.27114
7.27754
7.29128
7.31251
7.34136
7.378
7.42243
7.47415
7.5325
7.59684
7.66653
7.74091
7.81934
7.90118
7.98577
8.07247
8.16063
8.24962
8.33877
8.42745
8.515
8.60091
8.68518
8.7679
8.84922
8.92923
9.00807
9.08585
9.16268
9.23869
9.31399
9.3887
9.46294
9.53682
9.61047
9.684

