0
0.0852981
0.168312
0.246758
0.318349
0.380802
0.43183
0.46915
0.490477
0.493524
0.476007
0.435644
0.370145
0.277229
0.154608
1.9082e-17
0.187562
0.403768
0.64299
0.899596
1.16796
1.44245
1.71744
1.98729
2.24639
2.4891
2.20123
1.52013
0.926302
0.419383
4.44089e-16
0.333891
0.587026
0.769813
0.888662
0.950982
0.96418
0.934667
0.869851
0.775141
0.657946
0.524674
0.382734
0.241536
0.110389
0
0.0805516
0.129712
0.153157
0.152364
0.128509
0.088869
0.0403201
0.0105609
0.0579976
0.0969134
0.122032
0.129776
0.11457
0.0728368
0
0.104395
0.236316
0.383609
0.54012
0.694693
0.839177
0.964415
1.06125
1.11954
1.13012
1.00783
0.888535
0.685066
0.389272
0
0.505008
1.08642
1.70702
2.33357
2.92685
3.45463
3.88169
4.17679
4.29873
4.22626
3.92117
3.36522
2.53019
1.40786
1.77636e-15
1.64307
3.39682
4.91819
5.22409
7.47147
11.3172
15.4383
19.6417
8.31419
4.80718
4.95552
2.7839
0.995395
0.11307
1.42109e-14
0.321643
1.09299
2.24142
3.49431
5.17903
6.92296
8.95348
11.198
12.8838
9.53834
7.08897
5.06308
3.28804
1.59122
0
1.46403
2.8024
4.22245
5.83149
7.43686
3.55412
2.73412
1.69582
0.531903
0.664971
2.00212
3.18687
3.62655
0.671512
0
2.03713
4.29074
6.90043
9.60579
12.3464
11.8618
12.4917
11.4755
1.453
3.76364
3.84704
3.44279
2.79047
1.62968
5.68434e-14
1.25209
5.08095
7.19262
7.89318
7.48869
6.38521
4.78881
3.00555
1.34149
0.102705
0.404753
0.574816
0.40142
0.178503
5.68434e-14
0.0579088
0.0900708
1.00909
0.72757
0.241885
1.08667
0.105815
3.04818
3.15302
3.03295
2.60057
2.06848
1.34928
0.65559
0
0.430194
0.74895
0.995538
1.10923
1.2293
1.19501
1.11563
1.02044
0.888703
0.739694
0.57268
0.406934
0.251725
0.106323
7.10543e-15
0.0624898
0.0944511
0.103704
0.0880686
0.065365
0.0434133
0.0200336
0.00304599
0.00972942
0.0204725
0.0213632
0.0145814
0.012307
0.00671992
3.55271e-15
0.012927
0.0206799
0.0270376
0.045779
0.0506827
0.0555278
0.064093
0.0601571
0.0574991
0.0498977
0.0411318
0.0349803
0.0152219
0.00563553
0
0.00837789
0.0180796
0.0181585
0.0176682
0.0156622
0.0111938
0.0133167
0.0110842
0.0135498
0.00976715
0.00678957
0.00567059
0.00446367
0.00222232
1.77636e-15
0.00401834
0.00912191
0.0134685
0.0182157
0.0225215
0.0265435
0.0294395
0.0313671
0.0314843
0.0309487
0.027918
0.0235501
0.0180026
0.0104333
8.88178e-16
0.0121906
0.0262356
0.0442833
0.0644819
0.0879794
0.115924
0.121464
0.118748
0.107923
0.0931386
0.075542
0.0562816
0.0365057
0.0173625
0
0.0145659
0.0258494
0.0354969
0.041155
0.0444703
0.0450891
0.0446582
0.0408239
0.0362329
0.0305316
0.0243666
0.0173845
0.0112316
0.00555461
1.77636e-15
0.0029131
0.00517522
0.00590427
0.0062182
0.00523492
0.00407236
0.00284846
0.00168113
0.000311684
0.00201207
0.00230209
0.00306382
0.00317933
0.0025307
0

