0.00654
4.60328
9.19961
13.7951
18.3894
22.9821
27.5728
32.161
36.7464
41.3285
45.907
50.4814
55.0514
59.6164
64.1763
68.7304
73.2784
77.82
82.3547
86.882
91.4017
95.9132
100.416
104.91
109.395
113.87
118.335
122.789
127.233
131.665
136.085
140.493
144.888
149.271
153.64
157.995
162.337
166.663
170.975
175.271
179.551
183.815
188.062
192.293
196.506
200.701
204.877
209.036
213.175
217.294
221.394
225.473
229.532
233.57
237.586
241.58
245.552
249.501
253.427
257.33
261.208
265.063
268.892
272.696
276.475
280.228
283.954
287.654
291.327
294.971
298.588
302.177
305.736
309.267
312.768
316.239
319.679
323.088
326.467
329.813
333.128
336.41
339.659
342.875
346.058
349.206
352.32
355.399
358.442
361.45
364.422
367.357
370.255
373.116
375.94
378.725
381.471
384.179
386.847
389.476
392.064
394.612
397.119
399.584
402.008
404.389
406.728
409.024
411.276
413.485
415.649
417.769
419.843
421.873
423.856
425.793
427.684
429.527
431.323
433.071
434.771
436.422
438.024
439.576
441.079
442.531
443.933
445.283
446.582
447.829
449.024
450.166
451.254
452.289
453.271
454.198
455.07
455.886
456.648
457.353
458.002
458.594
459.129
459.606
460.026
460.386
460.688
460.931
461.114
461.237
461.3
461.302
461.243
461.125
460.946
460.709
460.413
460.058
459.645
459.175
458.647
458.063
457.422
456.725
455.973
455.165
454.303
453.386
452.416
451.391
450.314
449.184
448.001
446.767
445.481
444.144
442.756
441.318
439.83
438.293
436.706
435.071
433.387
431.656
429.877
428.051
426.179
424.26
422.295
420.285
418.23
416.13
413.986
411.798
409.567
407.292
404.975
402.616
400.216
397.773
395.29
392.766
390.202
387.598
384.955
382.273
379.553
376.794
373.997
371.164
368.293
365.386
362.442
359.463
356.449
353.4
350.316
347.198
344.047
340.862
337.644
334.394
331.112
327.798
324.453
321.077
317.671
314.235
310.769
307.274
303.75
300.197
296.617
293.009
289.374
285.712
282.024
278.309
274.569
270.805
267.015
263.201
259.363
255.501
251.617
247.709
243.779
239.828
235.855
231.86
227.846
223.81
219.755
215.681
211.587
207.475
203.344
199.196
195.03
190.847
186.648
182.432
178.2
173.953
169.691
165.415
161.124
156.819
152.501
148.17
143.827
139.471
135.104
130.725
126.335
121.935
117.524
113.104
108.674
104.236
99.7888
95.3337
90.8708
86.4007
81.9236
77.4401
72.9505
68.4552
63.9546
59.4492
54.9393
50.4253
45.9077
41.3868
36.8631
32.337
27.8088
23.279
18.748
14.2162
9.684

