0
4.59679
9.19317
13.7887
18.3831
22.9758
27.5665
32.1548
36.7403
41.3224
45.901
50.4755
55.0455
59.6106
64.1705
68.7247
73.2728
77.8144
82.3491
86.8766
91.3963
95.9079
100.411
104.905
109.39
113.865
123.241
127.207
131.217
135.263
139.34
143.442
147.566
151.707
155.861
160.025
164.197
168.372
172.549
176.725
180.897
185.063
189.219
193.361
197.482
201.576
205.636
209.659
213.646
217.594
221.501
225.37
229.205
233.006
236.777
240.518
244.231
247.915
251.572
255.202
258.804
262.379
265.927
269.446
272.939
276.403
279.838
283.245
286.623
289.969
293.285
296.494
299.739
302.944
306.108
309.239
312.315
315.345
318.329
321.259
324.138
326.958
329.716
332.405
335.028
337.566
340.02
342.369
344.602
346.69
348.592
350.227
351.475
352.006
350.85
351.175
352.651
353.969
354.947
339.986
322.834
318.272
315.659
312.304
307.698
301.989
295.528
288.324
280.476
272.285
263.449
254.369
244.843
234.973
225.556
221.093
215.684
209.827
203.723
197.571
191.371
185.122
178.824
172.676
166.779
160.931
142.533
135.983
129.682
123.529
117.424
111.466
105.354
98.4895
86.8707
80.1975
74.8696
69.7865
65.1478
60.7531
56.602
49.4941
43.829
36.9063
21.4256
18.7864
14.4884
10.3312
6.6143
3.13738
5.68434e-14
0.601896
4.64334
7.82473
10.4465
12.809
15.3127
18.1579
21.6451
26.0748
31.7472
38.9628
47.322
56.8252
67.1728
78.2653
90.003
102.386
116.216
129.291
142.014
155.084
170.301
187.267
201.281
214.844
227.756
240.118
251.73
262.693
272.906
282.471
291.287
299.356
306.777
313.451
319.579
325.09
329.995
334.355
338.19
341.54
344.426
346.878
348.937
350.612
351.935
352.936
353.636
354.043
354.19
354.096
353.772
353.238
352.505
351.583
350.493
349.244
347.837
346.294
344.623
342.816
340.902
338.883
336.749
334.53
332.216
329.808
327.327
324.762
322.124
319.414
316.632
313.798
310.893
307.927
304.911
301.845
298.719
295.544
292.32
289.047
285.737
282.379
278.984
275.542
272.062
268.545
264.992
261.404
257.781
254.124
250.434
246.713
242.962
239.18
235.369
231.531
227.665
223.772
219.854
215.91
211.942
207.95
203.934
199.897
195.837
191.756
187.655
183.533
179.392
175.232
171.027
166.792
162.527
158.237
153.922
149.584
145.225
140.846
136.449
132.034
127.604
123.157
118.697
114.224
109.738
105.24
100.732
96.2138
91.6858
87.1487
82.6038
78.0507
73.4906
68.9251
64.3525
59.7752
55.1926
50.6062
46.0153
41.4213
36.8247
32.2258
27.6241
23.021
18.4178
13.813
9.20804
4.60322
5.50671e-14

