0.00654
-2.46263
-4.92908
-7.39005
-9.84282
-12.2847
-14.7128
-17.1246
-19.5172
-21.888
-24.2341
-26.553
-28.8417
-31.0977
-33.3181
-35.5002
-37.6413
-39.7387
-41.7896
-43.7913
-45.7411
-47.6362
-49.4739
-51.2514
-52.9661
-54.6151
-56.1958
-57.7055
-59.1413
-60.5006
-61.7806
-62.9786
-64.0918
-65.1176
-66.0531
-66.8957
-67.6426
-68.2911
-68.8385
-69.282
-69.6188
-69.8464
-69.9618
-69.9624
-69.8455
-69.6082
-69.248
-68.762
-68.1475
-67.4018
-66.5222
-65.5058
-64.3501
-63.0522
-61.6094
-60.0189
-58.2782
-56.3843
-54.3346
-52.1264
-49.7568
-47.2233
-44.5229
-41.6531
-38.6111
-35.3941
-31.9994
-28.4243
-24.666
-20.7219
-16.5891
-12.2649
-7.74666
-3.03158
1.88306
7
12.3203
17.8383
23.5468
29.4383
35.5056
41.7415
48.1385
54.6894
61.3869
68.2237
75.1924
82.2858
89.4965
96.8172
104.241
111.76
119.367
127.054
134.816
142.643
150.53
158.468
166.45
174.469
182.518
190.59
198.676
206.77
214.864
222.952
231.026
239.078
247.101
255.088
263.031
270.924
278.759
286.529
294.226
301.843
309.373
316.808
324.141
331.365
338.473
345.457
352.31
359.024
365.593
372.009
378.264
384.352
390.265
395.995
401.537
406.881
412.021
416.949
421.659
426.143
430.393
434.403
438.164
441.671
444.914
447.888
450.585
452.997
455.117
456.938
458.453
459.653
460.533
461.084
461.3
461.175
460.714
459.925
458.815
457.391
455.661
453.631
451.31
448.704
445.82
442.667
439.251
435.579
431.659
427.499
423.105
418.484
413.645
408.594
403.339
397.887
392.245
386.42
380.421
374.253
367.925
361.444
354.817
348.051
341.153
334.132
326.994
319.747
312.397
304.952
297.42
289.808
282.122
274.371
266.562
258.701
250.797
242.856
234.886
226.894
218.887
210.873
202.86
194.853
186.861
178.891
170.95
163.046
155.185
147.376
139.624
131.939
124.326
116.794
109.35
102
94.7521
87.6139
80.5925
73.6951
66.9291
60.3017
53.8203
47.4921
41.3245
35.3247
29.5001
23.8579
18.4054
13.15
8.09723
3.24606
-1.40622
-5.86235
-10.125
-14.197
-18.081
-21.7798
-25.296
-28.6324
-31.7917
-34.7766
-37.5899
-40.2343
-42.7125
-45.0273
-47.1813
-49.1772
-51.0179
-52.7061
-54.2443
-55.6355
-56.8823
-57.9874
-58.9535
-59.7835
-60.4799
-61.0456
-61.4832
-61.7955
-61.9852
-62.055
-62.0077
-61.8459
-61.5725
-61.1901
-60.7014
-60.1092
-59.4162
-58.6251
-57.7386
-56.7596
-55.6906
-54.5344
-53.2938
-51.9715
-50.5701
-49.0925
-47.5413
-45.9192
-44.2291
-42.4735
-40.6554
-38.7772
-36.8419
-34.8521
-32.8105
-30.7198
-28.5829
-26.4023
-24.1809
-21.9214
-19.6264
-17.2988
-14.9411
-12.5563
-10.1469
-7.71571
-5.26545
-2.79885
-0.318626
2.1725
4.67179
7.17653
9.684

