0
2.46912
4.93551
7.39643
9.84915
12.2909
14.719
17.1308
19.5233
21.894
24.2401
26.5589
28.8476
31.1035
33.3238
35.5059
37.647
39.7443
41.7951
43.7968
45.7465
47.6415
49.4791
51.2566
52.9712
54.6202
51.2898
53.2875
55.1573
56.9026
58.5256
60.0296
61.4138
62.6816
63.8321
64.8657
65.7826
66.5821
67.2645
67.828
68.2728
68.5984
68.8048
68.8944
68.8694
68.7332
68.4893
68.1386
67.6763
67.1018
66.4148
65.6087
64.6777
63.6159
62.4184
61.0809
59.5992
57.9703
56.1896
54.2544
52.1608
49.9073
47.4879
44.9031
42.1471
39.2191
36.1154
32.8333
29.37
25.7239
21.8921
17.9479
13.7437
9.35458
4.77694
2.84217e-14
4.9563
10.0953
15.4088
20.8843
26.5156
32.2895
38.1955
44.2194
50.3569
56.5837
62.8924
69.2558
75.6565
82.0572
88.4107
94.6296
100.587
105.944
109.726
115.093
121.71
128.258
134.55
124.979
113.288
114.25
117.216
119.49
120.554
120.552
119.826
118.378
116.301
113.888
110.831
107.524
103.759
99.6289
95.9259
97.1429
97.3727
97.1079
96.5413
95.8655
95.0732
94.1571
93.11
92.1244
91.2931
90.4088
76.8642
75.052
73.3649
71.6955
69.9365
68.1807
66.1208
63.1493
55.2591
52.1428
50.1932
48.3028
46.6644
45.0707
43.5144
38.7882
35.2848
30.2968
16.5169
15.338
12.2525
9.0533
6.03301
2.98435
5.68434e-14
0.47509
4.11448
6.62548
8.31538
9.49147
10.5611
11.7314
13.3099
15.6038
18.9203
23.5668
29.1506
35.679
42.8593
50.5987
58.8046
67.4843
77.445
86.4941
95.0389
103.787
114.545
126.92
136.221
144.953
152.925
160.244
166.717
172.451
177.353
181.532
184.894
187.447
189.297
190.352
190.82
190.638
189.822
188.441
186.522
184.111
181.237
177.936
174.256
170.214
165.847
161.193
156.28
151.123
145.761
140.221
134.52
128.686
122.735
116.686
110.564
104.389
98.1664
91.9242
85.6795
79.4297
73.2121
67.0339
60.8925
54.8251
48.8291
42.9117
37.1003
31.3921
25.8045
20.3447
15.0201
9.8579
4.84543
9.05942e-14
4.66277
9.14394
13.4562
17.5923
21.555
25.347
28.961
32.4098
35.686
38.8024
41.7537
44.5406
47.1669
49.6353
51.9465
54.1043
56.1103
57.9652
59.6729
61.2351
62.6543
63.9325
65.0723
66.0754
66.9455
67.6835
68.2929
68.7766
69.1362
69.3735
69.4922
69.495
69.3827
69.1599
68.8285
68.3901
67.8744
67.2702
66.5802
65.8031
64.9406
63.9946
62.9666
61.8584
60.6718
59.4085
58.0701
56.6605
55.1793
53.6302
52.0151
50.3375
48.5974
46.7992
44.9449
43.0371
41.0775
39.0698
37.0159
34.9173
32.7789
30.6014
28.3884
26.1418
23.8651
21.5603
19.2299
16.8767
14.5045
12.1148
9.70963
7.2935
4.86821
2.43647
3.01981e-14

