0.00654
0.446528
0.885454
1.32226
1.75587
2.18524
2.6093
3.02699
3.43725
3.83901
4.23121
4.6128
4.9827
5.33987
5.68323
6.01172
6.32428
6.61986
6.89738
7.15579
7.39402
7.61102
7.80572
7.97705
8.12397
8.24539
8.34028
8.40755
8.44615
8.45502
8.4331
8.37932
8.29262
8.17195
8.01623
7.82441
7.59542
7.3282
7.0217
6.67485
6.28658
5.85584
5.38156
4.86268
4.29815
3.68689
3.02785
2.31996
1.56216
0.753397
-0.1074
-1.01967
-1.9764
-2.96893
-3.98862
-5.02684
-6.07493
-7.12426
-8.16618
-9.19205
-10.1932
-11.1611
-12.0869
-12.9622
-13.7781
-14.5262
-15.1977
-15.784
-16.2765
-16.6665
-16.9454
-17.1045
-17.1352
-17.0289
-16.7768
-16.3704
-15.8011
-15.0601
-14.1388
-13.0286
-11.7209
-10.207
-8.47823
-6.52599
-4.34162
-1.91649
0.758062
3.69066
6.88996
10.3646
14.1232
18.1745
22.527
27.1894
32.1704
37.4786
43.1226
49.1111
55.4528
62.1562
69.23
76.6779
84.4835
92.6254
101.082
109.833
118.856
128.13
137.633
147.345
157.243
167.307
177.515
187.846
198.279
208.792
219.363
229.972
240.597
251.216
261.809
272.354
282.83
293.215
303.488
313.627
323.612
333.42
343.031
352.424
361.576
370.467
379.074
387.378
395.356
402.987
410.249
417.122
423.585
429.614
435.19
440.291
444.896
448.983
452.531
455.518
457.923
459.726
460.903
461.435
461.3
460.483
459.001
456.874
454.125
450.777
446.852
442.372
437.359
431.836
425.826
419.349
412.429
405.088
397.348
389.232
380.761
371.958
362.846
353.446
343.781
333.873
323.745
313.419
302.916
292.26
281.472
270.576
259.592
248.544
237.454
226.344
215.236
204.152
193.116
182.149
171.273
160.511
149.885
139.418
129.131
119.047
109.188
99.577
90.2355
81.1861
72.451
64.0526
56.0131
48.3548
41.1
34.2656
27.8467
21.8332
16.2148
10.9813
6.12242
1.62798
-2.51226
-6.30853
-9.77105
-12.9101
-15.7358
-18.2584
-20.4882
-22.4354
-24.1102
-25.5229
-26.6836
-27.6027
-28.2902
-28.7565
-29.0118
-29.0663
-28.9302
-28.6138
-28.1273
-27.4809
-26.6848
-25.7493
-24.6847
-23.501
-22.2086
-20.8176
-19.3384
-17.7811
-16.1559
-14.4732
-12.7431
-10.9758
-9.18153
-7.37059
-5.55318
-3.73952
-1.93984
-0.164366
1.57668
3.27307
4.91457
6.49095
7.992
9.40947
10.7431
11.9945
13.1656
14.2579
15.2732
16.2132
17.0796
17.8741
18.5985
19.2544
19.8436
20.3677
20.8286
21.2278
21.5671
21.8482
22.0729
22.2428
22.3596
22.4251
22.441
22.4089
22.3307
22.2079
22.0424
21.8358
21.5898
21.3062
20.9867
20.6329
20.2466
19.8295
19.3833
18.9097
18.4105
17.8873
17.3418
16.7758
16.191
15.5891
14.9718
14.3407
13.6977
13.0445
12.3826
11.714
11.0402
10.3629
9.684

