0
0.440039
0.879017
1.31587
1.74954
2.17897
2.60308
3.02083
3.43114
3.83296
4.22522
4.60686
4.97683
5.33405
5.67747
6.00602
6.31865
6.61428
6.89186
7.15034
7.38863
7.60569
7.80045
7.97185
8.11883
8.24032
13.2463
12.8255
12.4302
12.053
11.6881
11.3283
10.9706
10.6079
10.2372
9.85441
9.45542
9.0372
8.5957
8.12885
7.63258
7.10384
6.53856
5.93068
5.27425
4.56189
3.78655
2.94336
2.03336
1.0534
5.16254e-15
1.12257
2.304
3.53263
4.79762
6.08884
7.39593
8.71026
10.0212
11.3201
12.5972
13.8451
15.0519
16.2122
17.3141
18.3512
19.3137
20.193
20.9805
21.6685
22.2484
22.7875
23.1322
23.3519
23.4368
23.3704
23.1651
22.8031
22.2768
21.5826
20.7109
19.659
18.4212
16.996
15.3716
13.5565
11.5419
9.33934
6.95004
4.3954
1.70677
1.04447
3.74699
6.07942
7.08041
9.9286
14.3026
18.9011
23.5528
12.6662
2.84217e-14
0.337879
3.02346
5.34539
6.77233
7.4329
7.65577
7.42959
6.83299
6.14462
5.04314
3.90719
2.51542
0.946466
0.0210097
4.09163
7.36305
10.2719
12.9968
15.7164
18.4093
21.0543
23.6299
26.3148
29.1876
32.0271
22.2118
24.1204
26.1315
28.1238
29.9759
31.7665
33.1743
33.5778
28.9557
28.9867
30.0494
31.0225
32.0846
33.0143
33.7903
31.1913
29.5959
26.2828
13.9305
13.9178
11.7233
9.12558
6.40337
3.3353
5.68434e-14
0.216598
2.40052
3.57363
3.62504
2.87702
1.75186
0.471852
0.640718
1.26356
1.0744
0.249068
2.32912
5.18804
8.54813
12.3317
16.4609
20.9582
26.6458
31.346
35.4811
39.7734
46.0451
53.9186
58.7161
62.9599
66.4723
69.3756
71.4921
72.9441
73.6538
73.7436
73.1357
71.8525
70.0161
67.5489
64.6732
61.3413
57.5854
53.4879
49.091
44.4571
39.6283
34.657
29.6055
24.5061
19.411
14.3726
9.43308
4.62479
2.13163e-14
4.40441
8.58327
12.5268
16.2352
19.7087
22.9376
25.922
28.6723
31.1785
33.4411
35.4801
37.2758
38.8384
40.1882
41.3054
42.2102
42.9129
43.4036
43.7027
43.8102
43.7365
43.4918
43.0663
42.4902
41.7638
40.8873
39.8709
38.7348
37.4793
36.1147
34.651
33.0886
31.4476
29.7284
27.9511
26.1179
24.2372
22.3201
20.3768
18.4155
16.4476
14.4822
12.5275
10.5948
8.69337
6.83332
5.02393
3.27543
1.59705
3.81917e-14
1.50947
2.93008
4.26355
5.51258
6.67989
7.76619
8.7732
9.70461
10.5601
11.3425
12.0544
12.6706
13.2067
13.6646
14.0498
14.3651
14.6132
14.7969
14.9188
14.9816
14.9881
14.941
14.8409
14.6927
14.4969
14.2564
13.9718
13.6478
13.2842
12.8837
12.4479
11.9796
11.4795
10.9503
10.3947
9.81247
9.20727
8.57981
7.93282
7.26701
6.58508
5.88875
5.17973
4.45873
3.72846
2.99164
2.24797
1.50017
0.749938
1.24345e-14

