0.01
0.0199
0.0297
0.0394
0.049
0.0585001
0.0679003
0.0772007
0.0864012
0.0955021
0.104503
0.113405
0.122207
0.13091
0.139513
0.148018
0.156423
0.16473
0.172938
0.181047
0.189058
0.196971
0.204785
0.212502
0.220121
0.227643
0.235067
0.242395
0.249626
0.25676
0.263798
0.270739
0.277586
0.284336
0.290991
0.297551
0.304017
0.310388
0.316665
0.322848
0.328938
0.334934
0.340838
0.346649
0.352368
0.357995
0.363531
0.368975
0.374329
0.379592
0.384765
0.389849
0.394843
0.399748
0.404565
0.409293
0.413934
0.418487
0.422954
0.427334
0.431628
0.435836
0.439959
0.443997
0.447951
0.451821
0.455607
0.45931
0.462931
0.46647
0.469927
0.473302
0.476597
0.479812
0.482947
0.486002
0.488979
0.491877
0.494698
0.497441
0.500107
0.502697
0.50521
0.507649
0.510012
0.512301
0.514517
0.516658
0.518727
0.520724
0.522649
0.524502
0.526285
0.527997
0.52964
0.531213
0.532718
0.534154
0.535523
0.536825
0.53806
0.53923
0.540333
0.541372
0.542346
0.543257
0.544104
0.544888
0.54561
0.54627
0.54687
0.547408
0.547887
0.548305
0.548665
0.548967
0.549211
0.549397
0.549526
0.5496
0.549617
0.54958
0.549488
0.549342
0.549142
0.548889
0.548584
0.548228
0.54782
0.547361
0.546852
0.546293
0.545685
0.545029
0.544325
0.543573
0.542774
0.541929
0.541038
0.540102
0.539121
0.538096
0.537027
0.535915
0.534761
0.533564
0.532326
0.531047
0.529728
0.528368
0.52697
0.525532
0.524056
0.522542
0.520991
0.519404
0.51778
0.51612
0.514425
0.512696
0.510932
0.509135
0.507304
0.505441
0.503546
0.50162
0.499662
0.497673
0.495655
0.493607
0.49153
0.489424
0.48729
0.485129
0.48294
0.480725
0.478484
0.476217
0.473925
0.471608
0.469267
0.466902
0.464514
0.462103
0.45967
0.457215
0.454738
0.452241
0.449723
0.447185
0.444627
0.44205
0.439455
0.436841
0.43421
0.431561
0.428895
0.426212
0.423514
0.4208
0.418071
0.415327
0.412568
0.409796
0.40701
0.404211
0.401399
0.398575
0.39574
0.392892
0.390034
0.387164
0.384285
0.381395
0.378497
0.375588
0.372671
0.369746
0.366813
0.363872
0.360924
0.357969
0.355007
0.352039
0.349065
0.346086
0.343102
0.340113
0.33712
0.334122
0.331121
0.328116
0.325109
0.322098
0.319085
0.31607
0.313054
0.310035
0.307016
0.303996
0.300976
0.297955
0.294934
0.291914
0.288894
0.285876
0.282859
0.279843
0.276829
0.273818
0.270808
0.267802
0.264798
0.261798
0.258801
0.255809
0.25282
0.249835
0.246855
0.24388
0.24091
0.237945
0.234986
0.232032
0.229085
0.226144
0.223209
0.220281
0.21736
0.214446
0.21154
0.208641
0.20575
0.202867
0.199993
0.197127
0.194269
0.19142
0.188581
0.185751
0.18293
0.180118
0.177317
0.174526
0.171744
0.168973
0.166213
0.163463
0.160725
0.157997
0.15528
0.152575
0.149882
0.1472
0.14453
0.141871
0.139225
0.136592
0.13397
0.131362
0.128766
0.126182
0.123612
0.121055
0.118511
0.11598
0.113463
0.110959
0.108469
0.105993
0.103531
0.101083
0.0986486
0.0962288
0.0938233
0.0914322
0.0890556
0.0866937
0.0843465
0.0820141
0.0796965
0.077394
0.0751065
0.0728341
0.070577
0.0683351
0.0661086
0.0638976
0.061702
0.059522
0.0573576
0.055209
0.053076
0.0509589
0.0488577
0.0467723
0.0447029
0.0426496
0.0406123
0.0385911
0.0365861
0.0345972
0.0326246
0.0306683
0.0287282
0.0268045
0.0248972
0.0230062
0.0211317
0.0192736
0.017432
0.0156069
0.0137982
0.0120061
0.0102306
0.00847158
0.00672914
0.00500328
0.00329401
0.00160133
-7.47536e-05
-0.00173424
-0.00337712
-0.00500339
-0.00661307
-0.00820615
-0.00978264
-0.0113425
-0.0128859
-0.0144126
-0.0159228
-0.0174165
-0.0188936
-0.0203542
-0.0217983
-0.023226
-0.0246372
-0.0260319
-0.0274103
-0.0287722
-0.0301178
-0.0314471
-0.03276
-0.0340567
-0.0353372
-0.0366014
-0.0378495
-0.0390814
-0.0402972
-0.0414969
-0.0426806
-0.0438484
-0.0450002
-0.046136
-0.0472561
-0.0483603
-0.0494487
-0.0505214
-0.0515785
-0.0526199
-0.0536458
-0.0546561
-0.055651
-0.0566304
-0.0575945
-0.0585433
-0.0594768
-0.0603952
-0.0612984
-0.0621865
-0.0630597
-0.0639179
-0.0647612
-0.0655896
-0.0664033
-0.0672024
-0.0679867
-0.0687566
-0.0695119
-0.0702528
-0.0709793
-0.0716916
-0.0723896
-0.0730735
-0.0737433
-0.0743991
-0.0750409
-0.0756689
-0.0762831
-0.0768836
-0.0774705
-0.0780438
-0.0786037
-0.0791501
-0.0796832
-0.0802031
-0.0807098
-0.0812034
-0.081684
-0.0821517
-0.0826065
-0.0830486
-0.083478
-0.0838948
-0.084299
-0.0846909
-0.0850704
-0.0854376
-0.0857926
-0.0861356
-0.0864665
-0.0867856
-0.0870927
-0.0873882
-0.0876719
-0.0879441
-0.0882048
-0.0884541
-0.0886921
-0.0889189
-0.0891345
-0.0893391
-0.0895327
-0.0897155
-0.0898875
-0.0900487
-0.0901994
-0.0903396
-0.0904693
-0.0905887
-0.0906979
-0.0907969
-0.0908859
-0.0909649
-0.091034
-0.0910933
-0.0911429
-0.091183
-0.0912135
-0.0912346
-0.0912463
-0.0912488
-0.0912422
-0.0912265
-0.0912018
-0.0911683
-0.091126
-0.091075
-0.0910153
-0.0909472
-0.0908707
-0.0907858
-0.0906927
-0.0905914
-0.0904821
-0.0903648
-0.0902396
-0.0901067
-0.089966
-0.0898178
-0.089662
-0.0894988
-0.0893283
-0.0891505
-0.0889656
-0.0887736
-0.0885747
-0.0883688
-0.0881562
-0.0879368
-0.0877108
-0.0874783
-0.0872393
-0.086994
-0.0867424
-0.0864847
-0.0862208
-0.0859509
-0.0856751
-0.0853935
-0.0851061
-0.084813
-0.0845144
-0.0842102
-0.0839007
-0.0835858
-0.0832657
-0.0829405
-0.0826101
-0.0822748
-0.0819346
-0.0815895
-0.0812397
-0.0808852
-0.0805262
-0.0801626
-0.0797947
-0.0794224
-0.0790458
-0.0786651
-0.0782802
-0.0778914
-0.0774986
-0.077102
-0.0767015
-0.0762974
-0.0758896
-0.0754783
-0.0750635
-0.0746453
-0.0742238
-0.073799
-0.0733711
-0.07294
-0.072506
-0.0720689
-0.071629
-0.0711863
-0.0707409
-0.0702928
-0.0698421
-0.0693888
-0.0689332
-0.0684751
-0.0680147
-0.0675521
-0.0670873
-0.0666204
-0.0661515
-0.0656806
-0.0652078
-0.0647331
-0.0642567
-0.0637785
-0.0632987
-0.0628174
-0.0623345
-0.0618502
-0.0613644
-0.0608774
-0.0603891
-0.0598995
-0.0594089
-0.0589171
-0.0584243
-0.0579306
-0.057436
-0.0569405
-0.0564442
-0.0559472
-0.0554495
-0.0549512
-0.0544523
-0.053953
-0.0534532
-0.0529529
-0.0524524
-0.0519515
-0.0514504
-0.0509492
-0.0504478
-0.0499463
-0.0494448
-0.0489433
-0.0484418
-0.0479405
-0.0474394
-0.0469385
-0.0464378
-0.0459375
-0.0454375
-0.0449379
-0.0444388
-0.0439402
-0.0434421
-0.0429446
-0.0424477
-0.0419516
-0.0414561
-0.0409614
-0.0404675
-0.0399744
-0.0394822
-0.0389909
-0.0385006
-0.0380113
-0.0375231
-0.0370359
-0.0365499
-0.036065
-0.0355813
-0.0350988
-0.0346176
-0.0341377
-0.0336592
-0.033182
-0.0327062
-0.0322318
-0.031759
-0.0312876
-0.0308178
-0.0303495
-0.0298829
-0.0294178
-0.0289545
-0.0284928
-0.0280328
-0.0275746
-0.0271182
-0.0266636
-0.0262108
-0.0257599
-0.0253109
-0.0248637
-0.0244186
-0.0239754
-0.0235341
-0.0230949
-0.0226578
-0.0222227
-0.0217896
-0.0213587
-0.0209299
-0.0205033
-0.0200789
-0.0196566
-0.0192365
-0.0188187
-0.0184032
-0.0179899
-0.0175789
-0.0171702
-0.0167639
-0.0163598
-0.0159582
-0.0155589
-0.0151621
-0.0147676
-0.0143756
-0.013986
-0.0135989
-0.0132142
-0.0128321
-0.0124524
-0.0120753
-0.0117006
-0.0113286
-0.010959
-0.0105921
-0.0102277
-0.00986584
-0.00950662
-0.00915001
-0.00879601
-0.00844464
-0.0080959
-0.00774981
-0.00740637
-0.00706558
-0.00672747
-0.00639202
-0.00605926
-0.00572919
-0.00540181
-0.00507714
-0.00475517
-0.00443591
-0.00411937
-0.00380555
-0.00349446
-0.0031861
-0.00288047
-0.00257758
-0.00227743
-0.00198002
-0.00168536
-0.00139345
-0.00110429
-0.000817882
-0.000534228
-0.000253328
2.4816e-05
0.000300204
0.000572836
0.000842711
0.00110983
0.00137419
0.0016358
0.00189466
0.00215076
0.00240412
0.00265472
0.00290258
0.00314769
0.00339006
0.0036297
0.0038666
0.00410076
0.0043322
0.00456092
0.00478691
0.00501019
0.00523075
0.00544861
0.00566377
0.00587623
0.006086
0.00629309
0.00649749
0.00669923
0.00689829
0.0070947
0.00728845
0.00747955
0.00766801
0.00785384
0.00803705
0.00821764
0.00839562
0.008571
0.00874378
0.00891398
0.0090816
0.00924666
0.00940915
0.0095691
0.00972651
0.00988138
0.0100337
0.0101836
0.0103309
0.0104758
0.0106181
0.010758
0.0108955
0.0110305
0.011163
0.0112931
0.0114208
0.0115461
0.011669
0.0117895
0.0119077
0.0120234
0.0121369
0.012248
0.0123568
0.0124632
0.0125674
0.0126692
0.0127688
0.0128662
0.0129613
0.0130541
0.0131447
0.0132331
0.0133193
0.0134034
0.0134852
0.0135649
0.0136425
0.0137179
0.0137912
0.0138624
0.0139315
0.0139985
0.0140635
0.0141264
0.0141873
0.0142461
0.014303
0.0143578
0.0144107
0.0144616
0.0145106
0.0145576
0.0146027
0.0146459
0.0146872
0.0147266
0.0147642
0.0147999
0.0148338
0.0148659
0.0148961
0.0149246
0.0149513
0.0149762
0.0149994
0.0150209
0.0150406
0.0150587
0.015075
0.0150897
0.0151028
0.0151142
0.015124
0.0151321
0.0151387
0.0151437
0.0151471
0.015149
0.0151494
0.0151482
0.0151455
0.0151413
0.0151357
0.0151286
0.0151201
0.0151101
0.0150988
0.015086
0.0150718
0.0150563
0.0150394
0.0150212
0.0150017
0.0149809
0.0149587
0.0149353
0.0149106
0.0148847
0.0148576
0.0148292
0.0147997
0.0147689
0.014737
0.0147039
0.0146697
0.0146343
0.0145978
0.0145603
0.0145216
0.0144819
0.0144411
0.0143993
0.0143565
0.0143126
0.0142678
0.0142219
0.0141751
0.0141274
0.0140787
0.0140291
0.0139785
0.0139271
0.0138748
0.0138216
0.0137676
0.0137127
0.013657
0.0136004
0.0135431
0.013485
0.0134261
0.0133665
0.0133061
0.013245
0.0131831
0.0131206
0.0130573
0.0129934
0.0129288
0.0128636
0.0127977
0.0127312
0.0126641
0.0125963
0.012528
0.0124591
0.0123897
0.0123197
0.0122491
0.0121781
0.0121065
0.0120344
0.0119618
0.0118888
0.0118152
0.0117413
0.0116668
0.011592
0.0115167
0.0114411
0.011365
0.0112885
0.0112117
0.0111345
0.011057
0.0109791
0.0109009
0.0108224
0.0107436
0.0106645
0.0105851
0.0105054
0.0104255
0.0103453
0.0102649
0.0101843
0.0101034
0.0100223
0.00994103
0.00985956
0.00977791
0.00969609
0.00961411
0.00953199
0.00944972
0.00936732
0.0092848
0.00920217
0.00911943
0.00903661
0.0089537
0.00887071
0.00878766
0.00870456
0.0086214
0.00853821
0.00845498
0.00837174
0.00828848
0.00820522
0.00812196
0.00803871
0.00795548
0.00787229
0.00778912
0.00770601
0.00762294
0.00753994
0.007457
0.00737414
0.00729136
0.00720867
0.00712608
0.00704359
0.00696122
0.00687896
0.00679684
0.00671484
0.00663299
0.00655128
0.00646973
0.00638833
0.00630711
0.00622605
0.00614518
0.00606449
0.005984
0.0059037
0.00582361
0.00574373
0.00566407
0.00558463
0.00550541
0.00542643
0.00534769
0.00526919
0.00519095
