0.99
0.9801
0.9703
0.9606
0.951
0.9415
0.9321
0.922799
0.913599
0.904498
0.895497
0.886595
0.877793
0.86909
0.860487
0.851982
0.843577
0.83527
0.827062
0.818953
0.810942
0.803029
0.795215
0.787498
0.779879
0.772357
0.764933
0.757605
0.750374
0.74324
0.736202
0.729261
0.722414
0.715664
0.709009
0.702449
0.695983
0.689612
0.683335
0.677152
0.671062
0.665066
0.659162
0.653351
0.647632
0.642005
0.636469
0.631025
0.625671
0.620408
0.615235
0.610151
0.605157
0.600252
0.595435
0.590707
0.586066
0.581513
0.577046
0.572666
0.568372
0.564164
0.560041
0.556003
0.552049
0.548179
0.544393
0.54069
0.537069
0.53353
0.530073
0.526698
0.523403
0.520188
0.517053
0.513998
0.511021
0.508123
0.505302
0.502559
0.499893
0.497303
0.49479
0.492351
0.489988
0.487699
0.485483
0.483342
0.481273
0.479276
0.477351
0.475498
0.473715
0.472003
0.47036
0.468787
0.467282
0.465846
0.464477
0.463175
0.46194
0.46077
0.459667
0.458628
0.457654
0.456743
0.455896
0.455112
0.45439
0.45373
0.45313
0.452592
0.452113
0.451695
0.451335
0.451033
0.450789
0.450603
0.450474
0.4504
0.450383
0.45042
0.450512
0.450658
0.450858
0.451111
0.451416
0.451772
0.45218
0.452639
0.453148
0.453707
0.454315
0.454971
0.455675
0.456427
0.457226
0.458071
0.458962
0.459898
0.460879
0.461904
0.462973
0.464085
0.465239
0.466436
0.467674
0.468953
0.470272
0.471632
0.47303
0.474468
0.475944
0.477458
0.479009
0.480596
0.48222
0.48388
0.485575
0.487304
0.489068
0.490865
0.492696
0.494559
0.496454
0.49838
0.500338
0.502327
0.504345
0.506393
0.50847
0.510576
0.51271
0.514871
0.51706
0.519275
0.521516
0.523783
0.526075
0.528392
0.530733
0.533098
0.535486
0.537897
0.54033
0.542785
0.545262
0.547759
0.550277
0.552815
0.555373
0.55795
0.560545
0.563159
0.56579
0.568439
0.571105
0.573788
0.576486
0.5792
0.581929
0.584673
0.587432
0.590204
0.59299
0.595789
0.598601
0.601425
0.60426
0.607108
0.609966
0.612836
0.615715
0.618605
0.621503
0.624412
0.627329
0.630254
0.633187
0.636128
0.639076
0.642031
0.644993
0.647961
0.650935
0.653914
0.656898
0.659887
0.66288
0.665878
0.668879
0.671884
0.674891
0.677902
0.680915
0.68393
0.686946
0.689965
0.692984
0.696004
0.699024
0.702045
0.705066
0.708086
0.711106
0.714124
0.717141
0.720157
0.723171
0.726182
0.729192
0.732198
0.735202
0.738202
0.741199
0.744191
0.74718
0.750165
0.753145
0.75612
0.75909
0.762055
0.765014
0.767968
0.770915
0.773856
0.776791
0.779719
0.78264
0.785554
0.78846
0.791359
0.79425
0.797133
0.800007
0.802873
0.805731
0.80858
0.811419
0.814249
0.81707
0.819882
0.822683
0.825474
0.828256
0.831027
0.833787
0.836537
0.839275
0.842003
0.84472
0.847425
0.850118
0.8528
0.85547
0.858129
0.860775
0.863408
0.86603
0.868638
0.871234
0.873818
0.876388
0.878945
0.881489
0.88402
0.886537
0.889041
0.891531
0.894007
0.896469
0.898917
0.901351
0.903771
0.906177
0.908568
0.910944
0.913306
0.915654
0.917986
0.920303
0.922606
0.924894
0.927166
0.929423
0.931665
0.933891
0.936102
0.938298
0.940478
0.942642
0.944791
0.946924
0.949041
0.951142
0.953228
0.955297
0.95735
0.959388
0.961409
0.963414
0.965403
0.967375
0.969332
0.971272
0.973195
0.975103
0.976994
0.978868
0.980726
0.982568
0.984393
0.986202
0.987994
0.989769
0.991528
0.993271
0.994997
0.996706
0.998399
1.00007
1.00173
1.00338
1.005
1.00661
1.00821
1.00978
1.01134
1.01289
1.01441
1.01592
1.01742
1.01889
1.02035
1.0218
1.02323
1.02464
1.02603
1.02741
1.02877
1.03012
1.03145
1.03276
1.03406
1.03534
1.0366
1.03785
1.03908
1.0403
1.0415
1.04268
1.04385
1.045
1.04614
1.04726
1.04836
1.04945
1.05052
1.05158
1.05262
1.05365
1.05466
1.05565
1.05663
1.05759
1.05854
1.05948
1.0604
1.0613
1.06219
1.06306
1.06392
1.06476
1.06559
1.0664
1.0672
1.06799
1.06876
1.06951
1.07025
1.07098
1.07169
1.07239
1.07307
1.07374
1.0744
1.07504
1.07567
1.07628
1.07688
1.07747
1.07804
1.0786
1.07915
1.07968
1.0802
1.08071
1.0812
1.08168
1.08215
1.08261
1.08305
1.08348
1.08389
1.0843
1.08469
1.08507
1.08544
1.08579
1.08614
1.08647
1.08679
1.08709
1.08739
1.08767
1.08794
1.0882
1.08845
1.08869
1.08892
1.08913
1.08934
1.08953
1.08972
1.08989
1.09005
1.0902
1.09034
1.09047
1.09059
1.0907
1.0908
1.09089
1.09096
1.09103
1.09109
1.09114
1.09118
1.09121
1.09123
1.09125
1.09125
1.09124
1.09123
1.0912
1.09117
1.09113
1.09107
1.09102
1.09095
1.09087
1.09079
1.09069
1.09059
1.09048
1.09036
1.09024
1.09011
1.08997
1.08982
1.08966
1.0895
1.08933
1.08915
1.08897
1.08877
1.08857
1.08837
1.08816
1.08794
1.08771
1.08748
1.08724
1.08699
1.08674
1.08648
1.08622
1.08595
1.08568
1.08539
1.08511
1.08481
1.08451
1.08421
1.0839
1.08359
1.08327
1.08294
1.08261
1.08227
1.08193
1.08159
1.08124
1.08089
1.08053
1.08016
1.07979
1.07942
1.07905
1.07867
1.07828
1.07789
1.0775
1.0771
1.0767
1.0763
1.07589
1.07548
1.07506
1.07465
1.07422
1.0738
1.07337
1.07294
1.07251
1.07207
1.07163
1.07119
1.07074
1.07029
1.06984
1.06939
1.06893
1.06848
1.06801
1.06755
1.06709
1.06662
1.06615
1.06568
1.06521
1.06473
1.06426
1.06378
1.0633
1.06282
1.06233
1.06185
1.06136
1.06088
1.06039
1.0599
1.05941
1.05892
1.05842
1.05793
1.05744
1.05694
1.05644
1.05595
1.05545
1.05495
1.05445
1.05395
1.05345
1.05295
1.05245
1.05195
1.05145
1.05095
1.05045
1.04995
1.04944
1.04894
1.04844
1.04794
1.04744
1.04694
1.04644
1.04594
1.04544
1.04494
1.04444
1.04394
1.04344
1.04294
1.04245
1.04195
1.04146
1.04096
1.04047
1.03997
1.03948
1.03899
1.0385
1.03801
1.03752
1.03704
1.03655
1.03606
1.03558
1.0351
1.03462
1.03414
1.03366
1.03318
1.03271
1.03223
1.03176
1.03129
1.03082
1.03035
1.02988
1.02942
1.02895
1.02849
1.02803
1.02757
1.02712
1.02666
1.02621
1.02576
1.02531
1.02486
1.02442
1.02398
1.02353
1.02309
1.02266
1.02222
1.02179
1.02136
1.02093
1.0205
1.02008
1.01966
1.01924
1.01882
1.0184
1.01799
1.01758
1.01717
1.01676
1.01636
1.01596
1.01556
1.01516
1.01477
1.01438
1.01399
1.0136
1.01321
1.01283
1.01245
1.01208
1.0117
1.01133
1.01096
1.01059
1.01023
1.00987
1.00951
1.00915
1.0088
1.00844
1.0081
1.00775
1.00741
1.00707
1.00673
1.00639
1.00606
1.00573
1.0054
1.00508
1.00476
1.00444
1.00412
1.00381
1.00349
1.00319
1.00288
1.00258
1.00228
1.00198
1.00169
1.00139
1.0011
1.00082
1.00053
1.00025
0.999975
0.9997
0.999427
0.999157
0.99889
0.998626
0.998364
0.998105
0.997849
0.997596
0.997345
0.997097
0.996852
0.99661
0.99637
0.996133
0.995899
0.995668
0.995439
0.995213
0.99499
0.994769
0.994551
0.994336
0.994124
0.993914
0.993707
0.993503
0.993301
0.993102
0.992905
0.992712
0.99252
0.992332
0.992146
0.991963
0.991782
0.991604
0.991429
0.991256
0.991086
0.990918
0.990753
0.990591
0.990431
0.990273
0.990119
0.989966
0.989816
0.989669
0.989524
0.989382
0.989242
0.989105
0.98897
0.988837
0.988707
0.988579
0.988454
0.988331
0.98821
0.988092
0.987977
0.987863
0.987752
0.987643
0.987537
0.987433
0.987331
0.987231
0.987134
0.987039
0.986946
0.986855
0.986767
0.986681
0.986597
0.986515
0.986435
0.986358
0.986282
0.986209
0.986138
0.986069
0.986001
0.985937
0.985874
0.985813
0.985754
0.985697
0.985642
0.985589
0.985538
0.985489
0.985442
0.985397
0.985354
0.985313
0.985273
0.985236
0.9852
0.985166
0.985134
0.985104
0.985075
0.985049
0.985024
0.985001
0.984979
0.984959
0.984941
0.984925
0.98491
0.984897
0.984886
0.984876
0.984868
0.984861
0.984856
0.984853
0.984851
0.984851
0.984852
0.984854
0.984859
0.984864
0.984871
0.98488
0.98489
0.984901
0.984914
0.984928
0.984944
0.984961
0.984979
0.984998
0.985019
0.985041
0.985065
0.985089
0.985115
0.985142
0.985171
0.9852
0.985231
0.985263
0.985296
0.98533
0.985366
0.985402
0.98544
0.985478
0.985518
0.985559
0.985601
0.985644
0.985687
0.985732
0.985778
0.985825
0.985873
0.985921
0.985971
0.986021
0.986073
0.986125
0.986178
0.986232
0.986287
0.986343
0.9864
0.986457
0.986515
0.986574
0.986634
0.986694
0.986755
0.986817
0.986879
0.986943
0.987007
0.987071
0.987136
0.987202
0.987269
0.987336
0.987404
0.987472
0.987541
0.98761
0.98768
0.987751
0.987822
0.987894
0.987966
0.988038
0.988111
0.988185
0.988259
0.988333
0.988408
0.988483
0.988559
0.988635
0.988711
0.988788
0.988865
0.988943
0.989021
0.989099
0.989178
0.989256
0.989335
0.989415
0.989495
0.989574
0.989655
0.989735
0.989816
0.989897
0.989978
0.990059
0.99014
0.990222
0.990304
0.990386
0.990468
0.99055
0.990633
0.990715
0.990798
0.990881
0.990963
0.991046
0.991129
0.991212
0.991295
0.991379
0.991462
0.991545
0.991628
0.991712
0.991795
0.991878
0.991961
0.992045
0.992128
0.992211
0.992294
0.992377
0.99246
0.992543
0.992626
0.992709
0.992791
0.992874
0.992956
0.993039
0.993121
0.993203
0.993285
0.993367
0.993449
0.99353
0.993612
0.993693
0.993774
0.993855
0.993936
0.994016
0.994096
0.994176
0.994256
0.994336
0.994415
0.994495
0.994574
0.994652
0.994731
0.994809
