0
0.0001
0.000299
0.000596
0.00099
0.00148
0.002065
0.00274401
0.00351601
0.00438002
0.00533505
0.00638008
0.00751413
0.0087362
0.0100453
0.0114404
0.0129206
0.0144848
0.0161321
0.0178615
0.019672
0.0215626
0.0235323
0.0255801
0.0277051
0.0299063
0.0321828
0.0345335
0.0369574
0.0394537
0.0420213
0.0446592
0.0473666
0.0501425
0.0529858
0.0558958
0.0588713
0.0619114
0.0650153
0.068182
0.0714105
0.0746998
0.0780492
0.0814576
0.0849241
0.0884477
0.0920277
0.095663
0.0993527
0.103096
0.106892
0.11074
0.114638
0.118587
0.122584
0.12663
0.130723
0.134862
0.139047
0.143276
0.14755
0.151866
0.156224
0.160624
0.165064
0.169543
0.174062
0.178618
0.183211
0.18784
0.192505
0.197204
0.201937
0.206703
0.211501
0.216331
0.221191
0.22608
0.230999
0.235946
0.240921
0.245922
0.250949
0.256001
0.261077
0.266177
0.2713
0.276446
0.281612
0.286799
0.292007
0.297233
0.302478
0.307741
0.313021
0.318317
0.323629
0.328957
0.334298
0.339653
0.345022
0.350402
0.355795
0.361198
0.366612
0.372035
0.377468
0.382909
0.388358
0.393814
0.399276
0.404745
0.410219
0.415698
0.421181
0.426668
0.432157
0.437649
0.443143
0.448639
0.454135
0.459631
0.465127
0.470622
0.476115
0.481606
0.487095
0.492581
0.498063
0.503542
0.509015
0.514484
0.519947
0.525404
0.530854
0.536297
0.541733
0.547161
0.55258
0.55799
0.563391
0.568782
0.574163
0.579534
0.584893
0.59024
0.595576
0.600899
0.60621
0.611507
0.616791
0.62206
0.627316
0.632556
0.637782
0.642992
0.648186
0.653364
0.658525
0.663669
0.668796
0.673905
0.678997
0.68407
0.689124
0.69416
0.699176
0.704172
0.709149
0.714106
0.719042
0.723957
0.728851
0.733724
0.738575
0.743405
0.748212
0.752997
0.757759
0.762498
0.767214
0.771907
0.776576
0.781221
0.785842
0.790439
0.795011
0.799558
0.804081
0.808578
0.81305
0.817496
0.821917
0.826311
0.83068
0.835022
0.839337
0.843626
0.847888
0.852124
0.856332
0.860512
0.864666
0.868791
0.872889
0.876959
0.881001
0.885015
0.889001
0.892959
0.896888
0.900788
0.904659
0.908502
0.912316
0.916101
0.919857
0.923584
0.927281
0.930949
0.934588
0.938197
0.941777
0.945327
0.948848
0.952338
0.955799
0.95923
0.962631
0.966002
0.969344
0.972655
0.975936
0.979187
0.982408
0.985599
0.98876
0.99189
0.994991
0.998061
1.0011
1.00411
1.00709
1.01004
1.01296
1.01585
1.01871
1.02153
1.02433
1.0271
1.02984
1.03255
1.03523
1.03787
1.04049
1.04308
1.04564
1.04817
1.05066
1.05313
1.05557
1.05798
1.06036
1.06271
1.06503
1.06732
1.06958
1.07181
1.07402
1.07619
1.07834
1.08045
1.08254
1.08459
1.08662
1.08862
1.09059
1.09254
1.09445
1.09634
1.0982
1.10002
1.10183
1.1036
1.10534
1.10706
1.10875
1.11041
1.11205
1.11366
1.11524
1.11679
1.11831
1.11981
1.12128
1.12273
1.12415
1.12554
1.12691
1.12825
1.12956
1.13085
1.13211
1.13335
1.13456
1.13574
1.1369
1.13804
1.13915
1.14023
1.14129
1.14233
1.14334
1.14432
1.14528
1.14622
1.14714
1.14803
1.14889
1.14974
1.15056
1.15136
1.15213
1.15288
1.15361
1.15431
1.155
1.15566
1.1563
1.15691
1.15751
1.15808
1.15864
1.15917
1.15968
1.16016
1.16063
1.16108
1.16151
1.16191
1.1623
1.16266
1.16301
1.16334
1.16364
1.16393
1.1642
1.16445
1.16468
1.16489
1.16508
1.16526
1.16541
1.16555
1.16567
1.16577
1.16586
1.16592
1.16597
1.16601
1.16602
1.16602
1.166
1.16597
1.16592
1.16585
1.16577
1.16568
1.16556
1.16543
1.16529
1.16513
1.16496
1.16477
1.16456
1.16434
1.16411
1.16387
1.16361
1.16333
1.16304
1.16274
1.16243
1.1621
1.16176
1.16141
1.16104
1.16066
1.16027
1.15987
1.15945
1.15903
1.15859
1.15814
1.15768
1.1572
1.15672
1.15623
1.15572
1.15521
1.15468
1.15414
1.1536
1.15304
1.15247
1.1519
1.15131
1.15072
1.15011
1.1495
1.14888
1.14825
1.14761
1.14696
1.1463
1.14564
1.14497
1.14429
1.1436
1.14291
1.1422
1.14149
1.14078
1.14005
1.13932
1.13859
1.13784
1.13709
1.13633
1.13557
1.1348
1.13403
1.13325
1.13246
1.13167
1.13087
1.13007
1.12926
1.12845
1.12763
1.12681
1.12599
1.12516
1.12432
1.12348
1.12264
1.12179
1.12094
1.12009
1.11923
1.11837
1.1175
1.11664
1.11577
1.11489
1.11401
1.11314
1.11225
1.11137
1.11048
1.10959
1.1087
1.10781
1.10691
1.10602
1.10512
1.10422
1.10331
1.10241
1.10151
1.1006
1.09969
1.09879
1.09788
1.09697
1.09606
1.09515
1.09423
1.09332
1.09241
1.0915
1.09059
1.08967
1.08876
1.08785
1.08694
1.08602
1.08511
1.0842
1.08329
1.08238
1.08147
1.08057
1.07966
1.07875
1.07785
1.07694
1.07604
1.07514
1.07424
1.07334
1.07245
1.07155
1.07066
1.06977
1.06888
1.06799
1.0671
1.06622
1.06534
1.06446
1.06358
1.06271
1.06183
1.06097
1.0601
1.05923
1.05837
1.05751
1.05665
1.0558
1.05495
1.0541
1.05326
1.05241
1.05157
1.05074
1.04991
1.04908
1.04825
1.04743
1.04661
1.04579
1.04498
1.04417
1.04337
1.04256
1.04177
1.04097
1.04018
1.0394
1.03861
1.03783
1.03706
1.03629
1.03552
1.03476
1.034
1.03324
1.03249
1.03175
1.031
1.03027
1.02953
1.0288
1.02808
1.02736
1.02664
1.02593
1.02522
1.02452
1.02382
1.02313
1.02244
1.02175
1.02107
1.0204
1.01973
1.01906
1.0184
1.01774
1.01709
1.01644
1.0158
1.01516
1.01453
1.0139
1.01328
1.01266
1.01205
1.01144
1.01083
1.01023
1.00964
1.00905
1.00847
1.00789
1.00731
1.00674
1.00618
1.00562
1.00506
1.00452
1.00397
1.00343
1.0029
1.00237
1.00184
1.00132
1.00081
1.0003
0.999795
0.999295
0.998801
0.998311
0.997827
0.997348
0.996873
0.996404
0.995939
0.99548
0.995026
0.994576
0.994132
0.993693
0.993258
0.992829
0.992404
0.991985
0.99157
0.99116
0.990756
0.990356
0.989961
0.989571
0.989186
0.988806
0.988431
0.988061
0.987695
0.987334
0.986979
0.986628
0.986282
0.98594
0.985604
0.985272
0.984945
0.984622
0.984305
0.983992
0.983684
0.98338
0.983081
0.982787
0.982498
0.982213
0.981932
0.981657
0.981385
0.981119
0.980857
0.980599
0.980346
0.980097
0.979853
0.979613
0.979378
0.979147
0.978921
0.978698
0.97848
0.978267
0.978058
0.977853
0.977652
0.977455
0.977263
0.977075
0.976891
0.976711
0.976535
0.976363
0.976196
0.976032
0.975872
0.975717
0.975565
0.975417
0.975274
0.975134
0.974998
0.974866
0.974737
0.974613
0.974492
0.974375
0.974262
0.974152
0.974046
0.973944
0.973845
0.97375
0.973659
0.973571
0.973486
0.973405
0.973328
0.973254
0.973183
0.973116
0.973052
0.972991
0.972934
0.97288
0.972829
0.972782
0.972737
0.972696
0.972658
0.972623
0.972591
0.972563
0.972537
0.972514
0.972494
0.972477
0.972463
0.972452
0.972444
0.972439
0.972436
0.972437
0.97244
0.972445
0.972454
0.972465
0.972479
0.972495
0.972514
0.972535
0.972559
0.972586
0.972615
0.972647
0.97268
0.972717
0.972755
0.972796
0.97284
0.972885
0.972933
0.972983
0.973036
0.97309
0.973147
0.973205
0.973266
0.973329
0.973394
0.973461
0.97353
0.973601
0.973674
0.973749
0.973826
0.973904
0.973984
0.974067
0.974151
0.974236
0.974324
0.974413
0.974504
0.974596
0.97469
0.974786
0.974883
0.974982
0.975082
0.975184
0.975287
0.975392
0.975498
0.975606
0.975715
0.975825
0.975937
0.97605
0.976164
0.97628
0.976396
0.976514
0.976633
0.976753
0.976875
0.976997
0.977121
0.977245
0.977371
0.977498
0.977626
0.977754
0.977884
0.978014
0.978146
0.978278
0.978411
0.978545
0.97868
0.978816
0.978952
0.979089
0.979227
0.979366
0.979505
0.979645
0.979786
0.979927
0.980069
0.980212
0.980355
0.980498
0.980642
0.980787
0.980932
0.981078
0.981224
0.98137
0.981517
0.981664
0.981812
0.98196
0.982108
0.982257
0.982406
0.982555
0.982704
0.982854
0.983004
0.983154
0.983305
0.983455
0.983606
0.983757
0.983908
0.984059
0.984211
0.984362
0.984513
0.984665
0.984816
0.984968
0.985119
0.985271
0.985422
0.985573
0.985725
0.985876
0.986027
0.986178
0.986329
0.98648
0.986631
0.986782
0.986932
0.987082
0.987232
0.987382
0.987532
0.987681
0.98783
0.987979
0.988127
0.988276
0.988424
0.988571
0.988719
0.988866
0.989013
0.989159
0.989305
0.98945
0.989596
0.98974
0.989885
0.990029
0.990172
0.990316
0.990458
0.9906
0.990742
0.990883
0.991024
0.991165
0.991304
0.991444
0.991582
0.991721
0.991858
0.991995
0.992132
0.992268
0.992403
0.992538
0.992673
0.992806
0.992939
0.993072
0.993204
0.993335
0.993465
0.993595
0.993725
0.993853
0.993981
0.994108
0.994235
0.994361
0.994486
0.994611
0.994735
0.994858
0.994981
0.995102
0.995223
0.995344
0.995463
0.995582
0.9957
0.995818
0.995934
0.99605
0.996166
0.99628
0.996394
0.996506
0.996619
0.99673
0.996841
0.99695
0.997059
0.997168
0.997275
0.997382
0.997487
0.997593
0.997697
0.9978
0.997903
0.998005
0.998106
0.998206
0.998305
0.998404
0.998502
0.998599
0.998695
0.99879
0.998885
0.998978
0.999071
0.999163
0.999254
0.999345
0.999434
0.999523
0.999611
0.999698
0.999784
0.99987
0.999954
1.00004
1.00012
1.0002
1.00028
1.00036
1.00044
1.00052
1.0006
1.00068
1.00075
1.00083
1.0009
1.00098
1.00105
1.00112
1.00119
1.00126
1.00133
1.0014
1.00147
1.00154
1.0016
1.00167
1.00173
1.0018
1.00186
1.00192
1.00198
1.00205
1.00211
1.00216
1.00222
1.00228
1.00234
1.00239
1.00245
1.0025
1.00256
1.00261
