0.00990001
0.0197
0.0294001
0.0390003
0.0485007
0.0579012
0.0672021
0.0764032
0.0855048
0.0945069
0.10341
0.112213
0.120918
0.129523
0.138029
0.146437
0.154746
0.162957
0.17107
0.179084
0.187001
0.19482
0.202541
0.210166
0.217693
0.225123
0.232457
0.239695
0.246836
0.253881
0.260831
0.267686
0.274446
0.28111
0.287681
0.294157
0.300539
0.306828
0.313023
0.319126
0.325136
0.331054
0.336879
0.342613
0.348256
0.353808
0.35927
0.364641
0.369922
0.375114
0.380217
0.385231
0.390157
0.394995
0.399746
0.40441
0.408987
0.413477
0.417882
0.422201
0.426436
0.430586
0.434651
0.438633
0.442532
0.446348
0.450082
0.453734
0.457304
0.460793
0.464202
0.467531
0.47078
0.47395
0.477042
0.480055
0.482991
0.485849
0.488631
0.491337
0.493967
0.496522
0.499002
0.501408
0.50374
0.505999
0.508185
0.510299
0.512342
0.514313
0.516214
0.518044
0.519805
0.521497
0.523121
0.524676
0.526164
0.527585
0.528939
0.530228
0.531451
0.53261
0.533704
0.534734
0.535701
0.536605
0.537447
0.538228
0.538947
0.539606
0.540205
0.540744
0.541225
0.541647
0.542011
0.542318
0.542568
0.542762
0.542901
0.542984
0.543012
0.542987
0.542908
0.542776
0.542592
0.542355
0.542068
0.54173
0.541341
0.540903
0.540415
0.539879
0.539295
0.538663
0.537985
0.537259
0.536488
0.535672
0.53481
0.533904
0.532955
0.531962
0.530927
0.529849
0.528729
0.527569
0.526368
0.525126
0.523845
0.522525
0.521167
0.51977
0.518336
0.516866
0.515358
0.513815
0.512236
0.510622
0.508974
0.507292
0.505577
0.503828
0.502047
0.500235
0.498391
0.496516
0.49461
0.492675
0.490711
0.488717
0.486695
0.484645
0.482567
0.480463
0.478332
0.476175
0.473992
0.471784
0.469552
0.467295
0.465015
0.462711
0.460385
0.458037
0.455666
0.453274
0.450861
0.448428
0.445975
0.443502
0.44101
0.438499
0.435969
0.433422
0.430858
0.428276
0.425678
0.423064
0.420434
0.417788
0.415128
0.412453
0.409764
0.407062
0.404346
0.401617
0.398876
0.396123
0.393358
0.390582
0.387794
0.384997
0.382189
0.379371
0.376544
0.373708
0.370864
0.368011
0.36515
0.362282
0.359406
0.356524
0.353635
0.35074
0.347839
0.344933
0.342022
0.339106
0.336186
0.333261
0.330333
0.327401
0.324466
0.321529
0.318589
0.315647
0.312703
0.309757
0.306811
0.303863
0.300915
0.297966
0.295018
0.292069
0.289122
0.286175
0.283229
0.280285
0.277342
0.274401
0.271463
0.268527
0.265594
0.262664
0.259737
0.256814
0.253894
0.250979
0.248068
0.245161
0.24226
0.239363
0.236471
0.233585
0.230705
0.227831
0.224963
0.222101
0.219246
0.216398
0.213557
0.210723
0.207896
0.205078
0.202267
0.199464
0.19667
0.193884
0.191106
0.188338
0.185578
0.182828
0.180087
0.177356
0.174634
0.171923
0.169221
0.16653
0.163849
0.161179
0.15852
0.155871
0.153233
0.150607
0.147992
0.145389
0.142797
0.140217
0.137648
0.135092
0.132548
0.130017
0.127498
0.124991
0.122497
0.120016
0.117548
0.115093
0.112651
0.110222
0.107807
0.105405
0.103017
0.100642
0.0982812
0.0959343
0.0936013
0.0912824
0.0889776
0.0866871
0.0844109
0.0821491
0.0799018
0.077669
0.0754509
0.0732475
0.0710589
0.0688851
0.0667262
0.0645824
0.0624535
0.0603398
0.0582412
0.0561579
0.0540898
0.052037
0.0499996
0.0479777
0.0459712
0.0439802
0.0420047
0.0400449
0.0381007
0.0361721
0.0342593
0.0323622
0.0304809
0.0286153
0.0267656
0.0249317
0.0231137
0.0213116
0.0195254
0.0177551
0.0160008
0.0142624
0.01254
0.0108336
0.00914313
0.00746869
0.00581025
0.00416782
0.0025414
0.000930996
-0.000663403
-0.00224179
-0.00380418
-0.00535057
-0.00688096
-0.00839537
-0.00989381
-0.0113763
-0.0128428
-0.0142934
-0.0157281
-0.0171468
-0.0185497
-0.0199367
-0.0213079
-0.0226633
-0.0240028
-0.0253266
-0.0266347
-0.027927
-0.0292037
-0.0304647
-0.03171
-0.0329398
-0.034154
-0.0353527
-0.0365359
-0.0377037
-0.038856
-0.039993
-0.0411146
-0.042221
-0.0433121
-0.0443881
-0.0454488
-0.0464945
-0.0475251
-0.0485407
-0.0495414
-0.0505271
-0.051498
-0.052454
-0.0533953
-0.0543219
-0.0552339
-0.0561313
-0.0570142
-0.0578825
-0.0587365
-0.0595761
-0.0604014
-0.0612125
-0.0620094
-0.0627923
-0.063561
-0.0643158
-0.0650567
-0.0657837
-0.0664969
-0.0671965
-0.0678824
-0.0685547
-0.0692135
-0.0698588
-0.0704908
-0.0711095
-0.0717149
-0.0723072
-0.0728865
-0.0734527
-0.074006
-0.0745464
-0.075074
-0.075589
-0.0760913
-0.076581
-0.0770583
-0.0775232
-0.0779757
-0.078416
-0.0788441
-0.0792602
-0.0796642
-0.0800563
-0.0804366
-0.0808051
-0.0811619
-0.0815071
-0.0818408
-0.0821631
-0.082474
-0.0827736
-0.083062
-0.0833394
-0.0836057
-0.083861
-0.0841055
-0.0843393
-0.0845623
-0.0847748
-0.0849767
-0.0851682
-0.0853494
-0.0855203
-0.085681
-0.0858316
-0.0859722
-0.0861029
-0.0862238
-0.0863349
-0.0864364
-0.0865283
-0.0866107
-0.0866837
-0.0867474
-0.0868019
-0.0868473
-0.0868836
-0.0869109
-0.0869293
-0.086939
-0.0869399
-0.0869323
-0.0869161
-0.0868914
-0.0868585
-0.0868172
-0.0867678
-0.0867102
-0.0866447
-0.0865712
-0.0864899
-0.0864008
-0.0863041
-0.0861998
-0.086088
-0.0859689
-0.0858423
-0.0857086
-0.0855677
-0.0854198
-0.0852648
-0.085103
-0.0849344
-0.084759
-0.084577
-0.0843885
-0.0841935
-0.0839921
-0.0837844
-0.0835705
-0.0833504
-0.0831243
-0.0828922
-0.0826543
-0.0824105
-0.082161
-0.0819059
-0.0816452
-0.0813791
-0.0811075
-0.0808307
-0.0805486
-0.0802613
-0.079969
-0.0796717
-0.0793694
-0.0790623
-0.0787505
-0.078434
-0.0781129
-0.0777873
-0.0774572
-0.0771228
-0.076784
-0.0764411
-0.076094
-0.0757429
-0.0753877
-0.0750287
-0.0746658
-0.0742991
-0.0739288
-0.0735548
-0.0731773
-0.0727964
-0.072412
-0.0720243
-0.0716334
-0.0712392
-0.070842
-0.0704417
-0.0700385
-0.0696323
-0.0692233
-0.0688116
-0.0683971
-0.0679801
-0.0675604
-0.0671383
-0.0667138
-0.0662869
-0.0658576
-0.0654262
-0.0649926
-0.0645569
-0.0641192
-0.0636795
-0.0632379
-0.0627944
-0.0623492
-0.0619023
-0.0614536
-0.0610034
-0.0605517
-0.0600984
-0.0596438
-0.0591878
-0.0587305
-0.0582719
-0.0578122
-0.0573514
-0.0568894
-0.0564265
-0.0559626
-0.0554978
-0.0550321
-0.0545657
-0.0540985
-0.0536307
-0.0531622
-0.0526931
-0.0522235
-0.0517534
-0.0512829
-0.0508121
-0.0503409
-0.0498694
-0.0493977
-0.0489259
-0.0484539
-0.0479818
-0.0475097
-0.0470377
-0.0465657
-0.0460938
-0.045622
-0.0451505
-0.0446792
-0.0442082
-0.0437375
-0.0432672
-0.0427973
-0.0423279
-0.041859
-0.0413906
-0.0409228
-0.0404556
-0.0399891
-0.0395233
-0.0390583
-0.038594
-0.0381306
-0.037668
-0.0372063
-0.0367456
-0.0362858
-0.035827
-0.0353693
-0.0349126
-0.0344571
-0.0340026
-0.0335494
-0.0330974
-0.0326466
-0.0321971
-0.0317489
-0.0313021
-0.0308566
-0.0304125
-0.0299698
-0.0295286
-0.0290889
-0.0286507
-0.0282141
-0.027779
-0.0273455
-0.0269137
-0.0264835
-0.0260549
-0.0256281
-0.0252031
-0.0247797
-0.0243582
-0.0239384
-0.0235205
-0.0231045
-0.0226903
-0.022278
-0.0218676
-0.0214592
-0.0210527
-0.0206482
-0.0202457
-0.0198452
-0.0194468
-0.0190504
-0.0186561
-0.0182639
-0.0178738
-0.0174858
-0.0171
-0.0167163
-0.0163349
-0.0159556
-0.0155785
-0.0152037
-0.0148311
-0.0144608
-0.0140927
-0.0137269
-0.0133635
-0.0130023
-0.0126435
-0.0122869
-0.0119328
-0.011581
-0.0112316
-0.0108845
-0.0105399
-0.0101976
-0.00985778
-0.00952037
-0.00918539
-0.00885284
-0.00852275
-0.00819511
-0.00786994
-0.00754724
-0.00722702
-0.00690929
-0.00659404
-0.0062813
-0.00597107
-0.00566334
-0.00535813
-0.00505544
-0.00475528
-0.00445765
-0.00416255
-0.00386999
-0.00357998
-0.00329251
-0.00300758
-0.00272521
-0.0024454
-0.00216813
-0.00189343
-0.00162129
-0.0013517
-0.00108468
-0.00082022
-0.000558323
-0.00029899
-4.22205e-05
0.000211986
0.000463629
0.000712711
0.000959231
0.00120319
0.00144459
0.00168344
0.00191973
0.00215347
0.00238465
0.00261329
0.00283939
0.00306294
0.00328395
0.00350243
0.00371838
0.0039318
0.0041427
0.00435108
0.00455694
0.0047603
0.00496114
0.0051595
0.00535535
0.00554872
0.0057396
0.00592801
0.00611395
0.00629742
0.00647844
0.006657
0.00683312
0.0070068
0.00717805
0.00734688
0.00751329
0.0076773
0.0078389
0.00799812
0.00815494
0.0083094
0.00846149
0.00861121
0.00875859
0.00890363
0.00904634
0.00918672
0.00932479
0.00946056
0.00959403
0.00972522
0.00985413
0.00998078
0.0101052
0.0102273
0.0103472
0.0104649
0.0105804
0.0106937
0.0108048
0.0109137
0.0110204
0.011125
0.0112274
0.0113277
0.0114259
0.011522
0.0116159
0.0117078
0.0117976
0.0118853
0.011971
0.0120546
0.0121362
0.0122158
0.0122934
0.0123689
0.0124426
0.0125142
0.0125839
0.0126516
0.0127174
0.0127813
0.0128433
0.0129034
0.0129616
0.013018
0.0130725
0.0131251
0.013176
0.013225
0.0132722
0.0133176
0.0133613
0.0134032
0.0134434
0.0134818
0.0135185
0.0135535
0.0135868
0.0136184
0.0136484
0.0136767
0.0137034
0.0137285
0.0137519
0.0137738
0.013794
0.0138127
0.0138299
0.0138455
0.0138596
0.0138721
0.0138832
0.0138928
0.0139009
0.0139075
0.0139127
0.0139165
0.0139189
0.0139199
0.0139194
0.0139176
0.0139145
0.01391
0.0139041
0.013897
0.0138885
0.0138788
0.0138677
0.0138555
0.0138419
0.0138271
0.0138112
0.013794
0.0137756
0.013756
0.0137352
0.0137134
0.0136903
0.0136662
0.0136409
0.0136145
0.0135871
0.0135586
0.013529
0.0134984
0.0134667
0.013434
0.0134004
0.0133657
0.0133301
0.0132935
0.0132559
0.0132174
0.013178
0.0131377
0.0130965
0.0130544
0.0130114
0.0129676
0.0129229
0.0128774
0.012831
0.0127839
0.012736
0.0126873
0.0126378
0.0125875
0.0125365
0.0124848
0.0124324
0.0123793
0.0123254
0.0122709
0.0122157
0.0121599
0.0121034
0.0120463
0.0119885
0.0119302
0.0118712
0.0118117
0.0117516
0.0116909
0.0116297
0.0115679
0.0115056
0.0114428
0.0113795
0.0113157
0.0112514
0.0111866
0.0111214
0.0110557
0.0109896
0.0109231
0.0108562
0.0107888
0.0107211
0.0106529
0.0105844
0.0105156
0.0104463
0.0103768
0.0103069
0.0102367
0.0101661
0.0100953
0.0100242
0.00995277
0.0098811
0.00980917
0.00973698
0.00966455
0.00959189
0.00951901
0.00944591
0.00937261
0.00929911
0.00922543
0.00915157
0.00907754
0.00900335
0.00892902
0.00885454
0.00877994
0.0087052
0.00863036
0.00855541
0.00848036
0.00840522
0.00833
0.00825471
0.00817935
0.00810394
0.00802848
0.00795298
0.00787745
0.00780189
0.00772632
0.00765073
0.00757515
0.00749957
0.007424
0.00734846
0.00727294
0.00719745
0.00712201
0.00704662
0.00697129
0.00689602
0.00682081
0.00674569
0.00667065
0.00659569
0.00652084
0.00644609
0.00637144
0.00629692
0.00622251
0.00614823
0.00607409
0.00600008
0.00592623
0.00585252
0.00577897
0.00570559
0.00563237
0.00555933
0.00548647
0.00541379
