0.9901
0.9803
0.9706
0.961
0.951499
0.942099
0.932798
0.923597
0.914495
0.905493
0.89659
0.887787
0.879082
0.870477
0.861971
0.853563
0.845254
0.837043
0.82893
0.820916
0.812999
0.80518
0.797459
0.789834
0.782307
0.774877
0.767543
0.760305
0.753164
0.746119
0.739169
0.732314
0.725554
0.71889
0.712319
0.705843
0.699461
0.693172
0.686977
0.680874
0.674864
0.668946
0.663121
0.657387
0.651744
0.646192
0.64073
0.635359
0.630078
0.624886
0.619783
0.614769
0.609843
0.605005
0.600254
0.59559
0.591013
0.586523
0.582118
0.577799
0.573564
0.569414
0.565349
0.561367
0.557468
0.553652
0.549918
0.546266
0.542696
0.539207
0.535798
0.532469
0.52922
0.52605
0.522958
0.519945
0.517009
0.514151
0.511369
0.508663
0.506033
0.503478
0.500998
0.498592
0.49626
0.494001
0.491815
0.489701
0.487658
0.485687
0.483786
0.481956
0.480195
0.478503
0.476879
0.475324
0.473836
0.472415
0.471061
0.469772
0.468549
0.46739
0.466296
0.465266
0.464299
0.463395
0.462553
0.461772
0.461053
0.460394
0.459795
0.459256
0.458775
0.458353
0.457989
0.457682
0.457432
0.457238
0.457099
0.457016
0.456988
0.457013
0.457092
0.457224
0.457408
0.457645
0.457932
0.45827
0.458659
0.459097
0.459585
0.460121
0.460705
0.461337
0.462015
0.462741
0.463512
0.464328
0.46519
0.466096
0.467045
0.468038
0.469073
0.470151
0.471271
0.472431
0.473632
0.474874
0.476155
0.477475
0.478833
0.48023
0.481664
0.483134
0.484642
0.486185
0.487764
0.489378
0.491026
0.492708
0.494423
0.496172
0.497953
0.499765
0.501609
0.503484
0.50539
0.507325
0.509289
0.511283
0.513305
0.515355
0.517433
0.519537
0.521668
0.523825
0.526008
0.528216
0.530448
0.532705
0.534985
0.537289
0.539615
0.541963
0.544334
0.546726
0.549139
0.551572
0.554025
0.556498
0.55899
0.561501
0.564031
0.566578
0.569142
0.571724
0.574322
0.576936
0.579566
0.582212
0.584872
0.587547
0.590236
0.592938
0.595654
0.598383
0.601124
0.603877
0.606642
0.609418
0.612206
0.615003
0.617811
0.620629
0.623456
0.626292
0.629136
0.631989
0.63485
0.637718
0.640594
0.643476
0.646365
0.64926
0.652161
0.655067
0.657978
0.660894
0.663814
0.666739
0.669667
0.672599
0.675534
0.678471
0.681411
0.684353
0.687297
0.690243
0.693189
0.696137
0.699085
0.702034
0.704982
0.707931
0.710878
0.713825
0.716771
0.719715
0.722658
0.725599
0.728537
0.731473
0.734406
0.737336
0.740263
0.743186
0.746106
0.749021
0.751932
0.754839
0.75774
0.760637
0.763529
0.766415
0.769295
0.772169
0.775037
0.777899
0.780754
0.783602
0.786443
0.789277
0.792104
0.794922
0.797733
0.800536
0.80333
0.806116
0.808894
0.811662
0.814422
0.817172
0.819913
0.822644
0.825366
0.828077
0.830779
0.83347
0.836151
0.838821
0.84148
0.844129
0.846767
0.849393
0.852008
0.854611
0.857203
0.859783
0.862352
0.864908
0.867452
0.869983
0.872502
0.875009
0.877503
0.879984
0.882452
0.884907
0.887349
0.889778
0.892193
0.894595
0.896983
0.899358
0.901719
0.904066
0.906399
0.908718
0.911022
0.913313
0.915589
0.917851
0.920098
0.922331
0.924549
0.926752
0.928941
0.931115
0.933274
0.935418
0.937546
0.93966
0.941759
0.943842
0.94591
0.947963
0.95
0.952022
0.954029
0.95602
0.957995
0.959955
0.961899
0.963828
0.965741
0.967638
0.969519
0.971385
0.973234
0.975068
0.976886
0.978688
0.980475
0.982245
0.983999
0.985738
0.98746
0.989166
0.990857
0.992531
0.99419
0.995832
0.997459
0.999069
1.00066
1.00224
1.0038
1.00535
1.00688
1.0084
1.00989
1.01138
1.01284
1.01429
1.01573
1.01715
1.01855
1.01994
1.02131
1.02266
1.024
1.02533
1.02663
1.02793
1.0292
1.03046
1.03171
1.03294
1.03415
1.03535
1.03654
1.0377
1.03886
1.03999
1.04111
1.04222
1.04331
1.04439
1.04545
1.04649
1.04753
1.04854
1.04954
1.05053
1.0515
1.05245
1.0534
1.05432
1.05523
1.05613
1.05701
1.05788
1.05874
1.05958
1.0604
1.06121
1.06201
1.06279
1.06356
1.06432
1.06506
1.06578
1.0665
1.0672
1.06788
1.06855
1.06921
1.06986
1.07049
1.07111
1.07171
1.07231
1.07289
1.07345
1.07401
1.07455
1.07507
1.07559
1.07609
1.07658
1.07706
1.07752
1.07798
1.07842
1.07884
1.07926
1.07966
1.08006
1.08044
1.08081
1.08116
1.08151
1.08184
1.08216
1.08247
1.08277
1.08306
1.08334
1.08361
1.08386
1.08411
1.08434
1.08456
1.08477
1.08498
1.08517
1.08535
1.08552
1.08568
1.08583
1.08597
1.0861
1.08622
1.08633
1.08644
1.08653
1.08661
1.08668
1.08675
1.0868
1.08685
1.08688
1.08691
1.08693
1.08694
1.08694
1.08693
1.08692
1.08689
1.08686
1.08682
1.08677
1.08671
1.08664
1.08657
1.08649
1.0864
1.0863
1.0862
1.08609
1.08597
1.08584
1.08571
1.08557
1.08542
1.08526
1.0851
1.08493
1.08476
1.08458
1.08439
1.08419
1.08399
1.08378
1.08357
1.08335
1.08312
1.08289
1.08265
1.08241
1.08216
1.08191
1.08165
1.08138
1.08111
1.08083
1.08055
1.08026
1.07997
1.07967
1.07937
1.07906
1.07875
1.07843
1.07811
1.07779
1.07746
1.07712
1.07678
1.07644
1.07609
1.07574
1.07539
1.07503
1.07467
1.0743
1.07393
1.07355
1.07318
1.0728
1.07241
1.07202
1.07163
1.07124
1.07084
1.07044
1.07004
1.06963
1.06922
1.06881
1.0684
1.06798
1.06756
1.06714
1.06671
1.06629
1.06586
1.06543
1.06499
1.06456
1.06412
1.06368
1.06324
1.06279
1.06235
1.0619
1.06145
1.061
1.06055
1.0601
1.05964
1.05919
1.05873
1.05827
1.05781
1.05735
1.05689
1.05643
1.05596
1.0555
1.05503
1.05457
1.0541
1.05363
1.05316
1.05269
1.05222
1.05175
1.05128
1.05081
1.05034
1.04987
1.0494
1.04893
1.04845
1.04798
1.04751
1.04704
1.04657
1.04609
1.04562
1.04515
1.04468
1.04421
1.04374
1.04327
1.0428
1.04233
1.04186
1.04139
1.04092
1.04046
1.03999
1.03952
1.03906
1.03859
1.03813
1.03767
1.03721
1.03675
1.03629
1.03583
1.03537
1.03491
1.03446
1.034
1.03355
1.0331
1.03265
1.0322
1.03175
1.0313
1.03086
1.03041
1.02997
1.02953
1.02909
1.02865
1.02821
1.02778
1.02735
1.02691
1.02648
1.02605
1.02563
1.0252
1.02478
1.02436
1.02394
1.02352
1.0231
1.02269
1.02228
1.02187
1.02146
1.02105
1.02065
1.02025
1.01985
1.01945
1.01905
1.01866
1.01826
1.01787
1.01749
1.0171
1.01672
1.01633
1.01596
1.01558
1.0152
1.01483
1.01446
1.01409
1.01373
1.01336
1.013
1.01264
1.01229
1.01193
1.01158
1.01123
1.01088
1.01054
1.0102
1.00986
1.00952
1.00919
1.00885
1.00852
1.0082
1.00787
1.00755
1.00723
1.00691
1.00659
1.00628
1.00597
1.00566
1.00536
1.00506
1.00476
1.00446
1.00416
1.00387
1.00358
1.00329
1.00301
1.00273
1.00245
1.00217
1.00189
1.00162
1.00135
1.00108
1.00082
1.00056
1.0003
1.00004
0.999788
0.999536
0.999287
0.999041
0.998797
0.998555
0.998317
0.99808
0.997847
0.997615
0.997387
0.997161
0.996937
0.996716
0.996498
0.996282
0.996068
0.995857
0.995649
0.995443
0.99524
0.995039
0.994841
0.994645
0.994451
0.99426
0.994072
0.993886
0.993703
0.993522
0.993343
0.993167
0.992993
0.992822
0.992653
0.992487
0.992323
0.992161
0.992002
0.991845
0.991691
0.991539
0.991389
0.991241
0.991096
0.990954
0.990813
0.990675
0.990539
0.990406
0.990275
0.990146
0.990019
0.989895
0.989773
0.989653
0.989535
0.98942
0.989306
0.989195
0.989086
0.98898
0.988875
0.988773
0.988672
0.988574
0.988478
0.988384
0.988292
0.988202
0.988115
0.988029
0.987945
0.987864
0.987784
0.987707
0.987631
0.987557
0.987486
0.987416
0.987348
0.987283
0.987219
0.987157
0.987097
0.987038
0.986982
0.986928
0.986875
0.986824
0.986775
0.986728
0.986682
0.986639
0.986597
0.986557
0.986518
0.986481
0.986446
0.986413
0.986382
0.986352
0.986323
0.986297
0.986272
0.986248
0.986226
0.986206
0.986187
0.98617
0.986155
0.98614
0.986128
0.986117
0.986107
0.986099
0.986092
0.986087
0.986083
0.986081
0.98608
0.986081
0.986082
0.986086
0.98609
0.986096
0.986103
0.986111
0.986121
0.986132
0.986145
0.986158
0.986173
0.986189
0.986206
0.986224
0.986244
0.986265
0.986287
0.98631
0.986334
0.986359
0.986385
0.986413
0.986441
0.986471
0.986502
0.986533
0.986566
0.9866
0.986634
0.98667
0.986707
0.986744
0.986783
0.986822
0.986862
0.986904
0.986946
0.986989
0.987032
0.987077
0.987123
0.987169
0.987216
0.987264
0.987313
0.987362
0.987412
0.987463
0.987515
0.987568
0.987621
0.987675
0.987729
0.987784
0.98784
0.987897
0.987954
0.988011
0.98807
0.988129
0.988188
0.988248
0.988309
0.98837
0.988432
0.988494
0.988557
0.988621
0.988684
0.988749
0.988813
0.988879
0.988944
0.98901
0.989077
0.989144
0.989211
0.989279
0.989347
0.989416
0.989484
0.989554
0.989623
0.989693
0.989763
0.989834
0.989905
0.989976
0.990047
0.990119
0.990191
0.990263
0.990335
0.990408
0.990481
0.990554
0.990627
0.990701
0.990775
0.990848
0.990922
0.990997
0.991071
0.991145
0.99122
0.991295
0.99137
0.991445
0.99152
0.991595
0.99167
0.991745
0.991821
0.991896
0.991972
0.992047
0.992123
0.992198
0.992274
0.992349
0.992425
0.9925
0.992576
0.992652
0.992727
0.992803
0.992878
0.992953
0.993029
0.993104
0.993179
0.993254
0.993329
0.993404
0.993479
0.993554
0.993629
0.993703
0.993777
0.993852
0.993926
0.994
0.994074
0.994147
0.994221
0.994294
0.994368
0.994441
0.994514
0.994586
