9.90001e-05
0.000296001
0.000590002
0.000980006
0.00146501
0.00204402
0.00271605
0.00348008
0.00433513
0.0052802
0.00631429
0.00743642
0.0086456
0.00994083
0.0113211
0.0127855
0.014333
0.0159625
0.0176732
0.0194641
0.0213341
0.0232823
0.0253077
0.0274094
0.0295863
0.0318375
0.0341621
0.036559
0.0390274
0.0415662
0.0441745
0.0468514
0.0495958
0.0524069
0.0552837
0.0582253
0.0612307
0.064299
0.0674292
0.0706205
0.0738718
0.0771824
0.0805512
0.0839773
0.0874599
0.0909979
0.0945906
0.0982371
0.101936
0.105687
0.10949
0.113342
0.117243
0.121193
0.125191
0.129235
0.133325
0.13746
0.141638
0.14586
0.150125
0.154431
0.158777
0.163164
0.167589
0.172052
0.176553
0.18109
0.185664
0.190271
0.194913
0.199589
0.204297
0.209036
0.213806
0.218607
0.223437
0.228295
0.233182
0.238095
0.243035
0.248
0.25299
0.258004
0.263042
0.268101
0.273183
0.278286
0.28341
0.288553
0.293715
0.298895
0.304094
0.309308
0.31454
0.319786
0.325048
0.330324
0.335613
0.340916
0.34623
0.351556
0.356893
0.362241
0.367598
0.372964
0.378338
0.38372
0.38911
0.394506
0.399908
0.405315
0.410728
0.416144
0.421564
0.426987
0.432413
0.437841
0.44327
0.4487
0.45413
0.45956
0.464989
0.470416
0.475842
0.481266
0.486687
0.492104
0.497517
0.502926
0.50833
0.513729
0.519122
0.524509
0.529889
0.535261
0.540626
0.545983
0.551331
0.55667
0.562
0.567319
0.572628
0.577927
0.583214
0.58849
0.593754
0.599005
0.604243
0.609469
0.61468
0.619878
0.625061
0.63023
0.635384
0.640522
0.645644
0.65075
0.65584
0.660913
0.665969
0.671007
0.676027
0.68103
0.686014
0.690979
0.695925
0.700852
0.705759
0.710646
0.715513
0.720359
0.725185
0.72999
0.734773
0.739535
0.744275
0.748993
0.753688
0.758361
0.763011
0.767638
0.772242
0.776822
0.781379
0.785912
0.79042
0.794905
0.799365
0.8038
0.80821
0.812595
0.816954
0.821289
0.825597
0.82988
0.834137
0.838367
0.842572
0.84675
0.850901
0.855025
0.859123
0.863194
0.867237
0.871253
0.875242
0.879203
0.883137
0.887043
0.890921
0.894771
0.898592
0.902386
0.906152
0.909889
0.913597
0.917277
0.920929
0.924552
0.928146
0.931711
0.935247
0.938755
0.942233
0.945682
0.949103
0.952494
0.955856
0.959188
0.962492
0.965766
0.96901
0.972226
0.975411
0.978568
0.981695
0.984792
0.987861
0.990899
0.993908
0.996888
0.999838
1.00276
1.00565
1.00851
1.01134
1.01415
1.01692
1.01966
1.02238
1.02506
1.02772
1.03035
1.03294
1.03551
1.03805
1.04056
1.04304
1.04549
1.04792
1.05031
1.05267
1.05501
1.05732
1.0596
1.06185
1.06407
1.06626
1.06842
1.07056
1.07267
1.07474
1.0768
1.07882
1.08081
1.08278
1.08472
1.08663
1.08851
1.09037
1.0922
1.094
1.09577
1.09752
1.09924
1.10093
1.10259
1.10423
1.10584
1.10743
1.10899
1.11052
1.11203
1.11351
1.11496
1.11639
1.11779
1.11917
1.12052
1.12184
1.12314
1.12442
1.12567
1.12689
1.12809
1.12927
1.13042
1.13155
1.13265
1.13373
1.13478
1.13581
1.13682
1.1378
1.13876
1.1397
1.14061
1.1415
1.14237
1.14321
1.14403
1.14483
1.14561
1.14636
1.14709
1.1478
1.14849
1.14916
1.14981
1.15043
1.15103
1.15162
1.15218
1.15272
1.15324
1.15374
1.15422
1.15468
1.15512
1.15554
1.15594
1.15632
1.15668
1.15702
1.15735
1.15765
1.15794
1.15821
1.15846
1.15869
1.1589
1.1591
1.15927
1.15943
1.15958
1.1597
1.15981
1.1599
1.15998
1.16003
1.16008
1.1601
1.16011
1.1601
1.16008
1.16004
1.15999
1.15992
1.15984
1.15974
1.15962
1.1595
1.15935
1.1592
1.15902
1.15884
1.15864
1.15843
1.1582
1.15796
1.15771
1.15744
1.15716
1.15687
1.15656
1.15625
1.15592
1.15558
1.15522
1.15486
1.15448
1.15409
1.15369
1.15328
1.15286
1.15242
1.15198
1.15153
1.15106
1.15059
1.1501
1.14961
1.1491
1.14858
1.14806
1.14753
1.14698
1.14643
1.14587
1.1453
1.14472
1.14413
1.14354
1.14293
1.14232
1.1417
1.14107
1.14044
1.13979
1.13914
1.13849
1.13782
1.13715
1.13647
1.13578
1.13509
1.13439
1.13369
1.13298
1.13226
1.13154
1.13081
1.13007
1.12933
1.12859
1.12784
1.12708
1.12632
1.12556
1.12479
1.12401
1.12323
1.12245
1.12166
1.12086
1.12007
1.11927
1.11846
1.11766
1.11684
1.11603
1.11521
1.11439
1.11356
1.11274
1.11191
1.11107
1.11024
1.1094
1.10856
1.10771
1.10687
1.10602
1.10517
1.10432
1.10346
1.10261
1.10175
1.10089
1.10003
1.09917
1.09831
1.09745
1.09658
1.09572
1.09485
1.09399
1.09312
1.09225
1.09138
1.09051
1.08964
1.08877
1.0879
1.08704
1.08617
1.0853
1.08443
1.08356
1.08269
1.08182
1.08096
1.08009
1.07922
1.07836
1.0775
1.07663
1.07577
1.07491
1.07405
1.07319
1.07233
1.07148
1.07062
1.06977
1.06892
1.06807
1.06722
1.06638
1.06553
1.06469
1.06385
1.06301
1.06218
1.06135
1.06051
1.05969
1.05886
1.05803
1.05721
1.05639
1.05558
1.05476
1.05395
1.05314
1.05234
1.05154
1.05074
1.04994
1.04915
1.04836
1.04757
1.04678
1.046
1.04522
1.04445
1.04368
1.04291
1.04215
1.04139
1.04063
1.03987
1.03912
1.03838
1.03763
1.03689
1.03616
1.03543
1.0347
1.03398
1.03326
1.03254
1.03183
1.03112
1.03041
1.02971
1.02902
1.02832
1.02764
1.02695
1.02627
1.0256
1.02493
1.02426
1.0236
1.02294
1.02228
1.02163
1.02099
1.02035
1.01971
1.01908
1.01845
1.01783
1.01721
1.01659
1.01598
1.01538
1.01478
1.01418
1.01359
1.013
1.01242
1.01184
1.01127
1.0107
1.01013
1.00957
1.00902
1.00847
1.00792
1.00738
1.00684
1.00631
1.00579
1.00526
1.00475
1.00423
1.00373
1.00322
1.00272
1.00223
1.00174
1.00126
1.00078
1.0003
0.99983
0.999365
0.998904
0.998447
0.997996
0.997549
0.997107
0.99667
0.996237
0.995809
0.995386
0.994967
0.994553
0.994144
0.993739
0.99334
0.992944
0.992554
0.992168
0.991786
0.99141
0.991038
0.99067
0.990307
0.989949
0.989595
0.989246
0.988902
0.988562
0.988226
0.987895
0.987569
0.987247
0.986929
0.986616
0.986308
0.986004
0.985704
0.985409
0.985118
0.984831
0.984549
0.984271
0.983998
0.983729
0.983464
0.983203
0.982947
0.982695
0.982447
0.982204
0.981964
0.981729
0.981498
0.981271
0.981048
0.98083
0.980615
0.980405
0.980198
0.979996
0.979797
0.979603
0.979412
0.979226
0.979043
0.978864
0.978689
0.978518
0.978351
0.978188
0.978028
0.977873
0.97772
0.977572
0.977428
0.977287
0.977149
0.977016
0.976886
0.976759
0.976636
0.976517
0.976401
0.976289
0.97618
0.976075
0.975973
0.975874
0.975779
0.975687
0.975599
0.975513
0.975431
0.975353
0.975277
0.975205
0.975136
0.97507
0.975007
0.974947
0.974891
0.974837
0.974787
0.974739
0.974694
0.974653
0.974614
0.974578
0.974545
0.974515
0.974488
0.974464
0.974442
0.974423
0.974407
0.974393
0.974382
0.974374
0.974369
0.974366
0.974365
0.974367
0.974372
0.974379
0.974389
0.974401
0.974415
0.974432
0.974451
0.974473
0.974497
0.974523
0.974551
0.974582
0.974615
0.97465
0.974687
0.974726
0.974768
0.974811
0.974857
0.974904
0.974954
0.975005
0.975059
0.975115
0.975172
0.975231
0.975292
0.975355
0.97542
0.975487
0.975555
0.975625
0.975697
0.97577
0.975845
0.975922
0.976001
0.976081
0.976162
0.976245
0.97633
0.976416
0.976504
0.976593
0.976683
0.976775
0.976868
0.976963
0.977059
0.977156
0.977254
0.977354
0.977455
0.977558
0.977661
0.977766
0.977872
0.977978
0.978087
0.978196
0.978306
0.978417
0.978529
0.978643
0.978757
0.978872
0.978988
0.979105
0.979223
0.979342
0.979462
0.979582
0.979704
0.979826
0.979949
0.980073
0.980197
0.980322
0.980448
0.980575
0.980702
0.98083
0.980958
0.981087
0.981217
0.981347
0.981478
0.981609
0.981741
0.981873
0.982006
0.982139
0.982272
0.982406
0.982541
0.982676
0.982811
0.982946
0.983082
0.983218
0.983355
0.983492
0.983629
0.983766
0.983903
0.984041
0.984179
0.984317
0.984456
0.984594
0.984733
0.984871
0.98501
0.985149
0.985288
0.985427
0.985566
0.985705
0.985845
0.985984
0.986123
0.986262
0.986401
0.98654
0.986679
0.986818
0.986957
0.987096
0.987235
0.987373
0.987512
0.98765
0.987788
0.987926
0.988064
0.988201
0.988339
0.988476
0.988613
0.988749
0.988886
0.989022
0.989158
0.989293
0.989429
0.989564
0.989698
0.989833
0.989967
0.9901
0.990234
0.990367
0.990499
0.990631
0.990763
0.990895
0.991026
0.991156
0.991286
0.991416
0.991545
0.991674
0.991802
0.99193
0.992057
0.992184
0.992311
0.992436
0.992562
0.992687
0.992811
0.992935
0.993058
0.993181
0.993303
0.993425
0.993546
0.993666
0.993786
0.993905
0.994024
0.994142
0.99426
0.994376
0.994493
0.994608
0.994724
0.994838
0.994952
0.995065
0.995177
0.995289
0.9954
0.995511
0.995621
0.99573
0.995839
0.995947
0.996054
0.99616
0.996266
0.996371
0.996476
0.99658
0.996683
0.996785
0.996887
0.996988
0.997088
0.997187
0.997286
0.997384
0.997482
0.997578
0.997674
0.997769
0.997864
0.997958
0.998051
0.998143
0.998234
0.998325
0.998415
0.998504
0.998593
0.998681
0.998768
0.998854
0.99894
0.999025
0.999109
0.999192
0.999274
0.999356
0.999437
0.999518
0.999597
0.999676
0.999754
0.999831
0.999908
0.999983
1.00006
1.00013
1.00021
1.00028
1.00035
1.00042
1.00049
1.00056
1.00063
1.0007
1.00077
1.00083
1.0009
1.00096
1.00103
1.00109
1.00116
1.00122
1.00128
1.00134
1.0014
1.00146
1.00152
1.00158
1.00163
1.00169
1.00174
1.0018
1.00185
