0.00995
0.0198
0.02955
0.0392001
0.0487503
0.0582006
0.067551
0.0768017
0.0859527
0.0950042
0.103956
0.112809
0.121562
0.130216
0.138771
0.147227
0.155584
0.163842
0.172003
0.180064
0.188028
0.195894
0.203662
0.211332
0.218905
0.226381
0.23376
0.241042
0.248228
0.255318
0.262312
0.26921
0.276012
0.28272
0.289332
0.29585
0.302274
0.308604
0.31484
0.320983
0.327032
0.332989
0.338854
0.344626
0.350307
0.355896
0.361394
0.366802
0.372119
0.377347
0.382485
0.387533
0.392493
0.397365
0.402148
0.406844
0.411452
0.415974
0.42041
0.424759
0.429023
0.433202
0.437296
0.441306
0.445232
0.449075
0.452835
0.456512
0.460107
0.463621
0.467054
0.470406
0.473678
0.47687
0.479983
0.483017
0.485973
0.488852
0.491653
0.494377
0.497025
0.499597
0.502094
0.504516
0.506863
0.509137
0.511338
0.513466
0.515521
0.517505
0.519418
0.521259
0.523031
0.524733
0.526366
0.52793
0.529426
0.530855
0.532217
0.533512
0.534741
0.535904
0.537003
0.538038
0.539008
0.539915
0.54076
0.541542
0.542263
0.542922
0.543521
0.54406
0.54454
0.54496
0.545322
0.545626
0.545873
0.546063
0.546197
0.546275
0.546298
0.546267
0.546181
0.546042
0.54585
0.545606
0.54531
0.544962
0.544564
0.544115
0.543617
0.543069
0.542473
0.541829
0.541138
0.540399
0.539615
0.538784
0.537908
0.536987
0.536022
0.535013
0.533961
0.532866
0.531729
0.53055
0.529331
0.528071
0.526771
0.525431
0.524052
0.522636
0.521181
0.519688
0.518159
0.516594
0.514993
0.513356
0.511685
0.509979
0.50824
0.506467
0.504661
0.502824
0.500954
0.499054
0.497122
0.49516
0.493169
0.491148
0.489099
0.487021
0.484916
0.482783
0.480623
0.478437
0.476226
0.473988
0.471726
0.46944
0.467129
0.464795
0.462438
0.460059
0.457657
0.455234
0.452789
0.450324
0.447839
0.445333
0.442809
0.440265
0.437703
0.435123
0.432525
0.42991
0.427278
0.42463
0.421966
0.419287
0.416592
0.413883
0.41116
0.408422
0.405672
0.402908
0.400132
0.397344
0.394543
0.391732
0.388909
0.386076
0.383233
0.380379
0.377517
0.374645
0.371764
0.368876
0.365979
0.363075
0.360163
0.357244
0.354319
0.351388
0.348451
0.345509
0.342562
0.339609
0.336653
0.333692
0.330728
0.32776
0.324789
0.321815
0.318839
0.315861
0.312881
0.309899
0.306916
0.303933
0.300949
0.297964
0.29498
0.291996
0.289013
0.28603
0.283049
0.280069
0.277091
0.274116
0.271142
0.268171
0.265203
0.262238
0.259277
0.256319
0.253365
0.250415
0.24747
0.244529
0.241594
0.238663
0.235738
0.232819
0.229905
0.226998
0.224097
0.221202
0.218314
0.215434
0.21256
0.209694
0.206836
0.203985
0.201143
0.198309
0.195483
0.192666
0.189858
0.187058
0.184269
0.181488
0.178717
0.175956
0.173205
0.170464
0.167733
0.165013
0.162303
0.159605
0.156917
0.15424
0.151575
0.148921
0.146279
0.143648
0.141029
0.138423
0.135828
0.133246
0.130676
0.128119
0.125574
0.123043
0.120524
0.118018
0.115526
0.113047
0.110581
0.108129
0.10569
0.103265
0.100854
0.0984571
0.0960741
0.0937053
0.0913507
0.0890105
0.0866846
0.0843733
0.0820766
0.0797946
0.0775274
0.075275
0.0730375
0.070815
0.0686076
0.0664153
0.0642382
0.0620764
0.0599299
0.0577988
0.0556832
0.0535831
0.0514985
0.0494296
0.0473763
0.0453388
0.043317
0.041311
0.0393209
0.0373466
0.0353883
0.033446
0.0315196
0.0296093
0.027715
0.0258368
0.0239748
0.0221289
0.0202991
0.0184856
0.0166882
0.0149071
0.0131422
0.0113936
0.00966118
0.00794508
0.00624526
0.00456174
0.00289452
0.00124359
-0.00039103
-0.00200935
-0.00361136
-0.00519708
-0.0067665
-0.00831963
-0.00985648
-0.0113771
-0.0128814
-0.0143694
-0.0158413
-0.0172969
-0.0187363
-0.0201595
-0.0215666
-0.0229575
-0.0243323
-0.0256909
-0.0270335
-0.0283601
-0.0296706
-0.0309652
-0.0322438
-0.0335064
-0.0347532
-0.0359841
-0.0371991
-0.0383984
-0.0395819
-0.0407497
-0.0419019
-0.0430384
-0.0441593
-0.0452646
-0.0463545
-0.0474289
-0.0484879
-0.0495315
-0.0505599
-0.0515729
-0.0525708
-0.0535534
-0.054521
-0.0554735
-0.0564111
-0.0573337
-0.0582414
-0.0591342
-0.0600124
-0.0608758
-0.0617245
-0.0625587
-0.0633783
-0.0641835
-0.0649743
-0.0657507
-0.0665129
-0.0672609
-0.0679947
-0.0687145
-0.0694203
-0.0701121
-0.0707901
-0.0714543
-0.0721048
-0.0727417
-0.0733649
-0.0739747
-0.074571
-0.075154
-0.0757237
-0.0762802
-0.0768235
-0.0773539
-0.0778712
-0.0783757
-0.0788673
-0.0793462
-0.0798124
-0.0802661
-0.0807072
-0.081136
-0.0815524
-0.0819565
-0.0823484
-0.0827283
-0.0830962
-0.0834521
-0.0837962
-0.0841285
-0.0844491
-0.0847582
-0.0850557
-0.0853419
-0.0856166
-0.0858802
-0.0861325
-0.0863738
-0.0866041
-0.0868235
-0.087032
-0.0872298
-0.087417
-0.0875936
-0.0877598
-0.0879155
-0.088061
-0.0881962
-0.0883213
-0.0884364
-0.0885416
-0.0886369
-0.0887224
-0.0887982
-0.0888645
-0.0889212
-0.0889686
-0.0890066
-0.0890354
-0.089055
-0.0890656
-0.0890672
-0.08906
-0.0890439
-0.0890191
-0.0889858
-0.0889439
-0.0888936
-0.0888349
-0.088768
-0.0886929
-0.0886097
-0.0885186
-0.0884195
-0.0883127
-0.0881981
-0.0880759
-0.0879461
-0.0878089
-0.0876642
-0.0875124
-0.0873533
-0.0871871
-0.0870139
-0.0868337
-0.0866467
-0.086453
-0.0862525
-0.0860455
-0.085832
-0.0856121
-0.0853858
-0.0851533
-0.0849146
-0.0846699
-0.0844191
-0.0841625
-0.0839
-0.0836319
-0.083358
-0.0830786
-0.0827937
-0.0825034
-0.0822078
-0.0819069
-0.0816009
-0.0812898
-0.0809737
-0.0806527
-0.0803268
-0.0799963
-0.079661
-0.0793212
-0.0789768
-0.078628
-0.0782749
-0.0779175
-0.0775559
-0.0771901
-0.0768204
-0.0764466
-0.076069
-0.0756876
-0.0753024
-0.0749136
-0.0745212
-0.0741252
-0.0737259
-0.0733231
-0.0729171
-0.0725079
-0.0720955
-0.0716801
-0.0712617
-0.0708403
-0.0704161
-0.0699891
-0.0695593
-0.069127
-0.068692
-0.0682546
-0.0678147
-0.0673724
-0.0669279
-0.0664811
-0.0660321
-0.065581
-0.0651279
-0.0646728
-0.0642158
-0.063757
-0.0632964
-0.0628341
-0.0623701
-0.0619045
-0.0614375
-0.0609689
-0.0604989
-0.0600276
-0.059555
-0.0590812
-0.0586063
-0.0581302
-0.057653
-0.0571749
-0.0566959
-0.056216
-0.0557352
-0.0552537
-0.0547715
-0.0542886
-0.0538052
-0.0533212
-0.0528367
-0.0523517
-0.0518664
-0.0513808
-0.0508949
-0.0504087
-0.0499224
-0.0494359
-0.0489494
-0.0484628
-0.0479763
-0.0474898
-0.0470034
-0.0465172
-0.0460312
-0.0455455
-0.04506
-0.0445749
-0.0440902
-0.043606
-0.0431222
-0.0426389
-0.0421562
-0.0416741
-0.0411927
-0.040712
-0.0402319
-0.0397527
-0.0392743
-0.0387967
-0.03832
-0.0378443
-0.0373695
-0.0368957
-0.036423
-0.0359513
-0.0354808
-0.0350114
-0.0345432
-0.0340762
-0.0336105
-0.033146
-0.0326829
-0.0322212
-0.0317608
-0.0313019
-0.0308444
-0.0303884
-0.0299339
-0.0294809
-0.0290295
-0.0285797
-0.0281316
-0.0276851
-0.0272403
-0.0267972
-0.0263559
-0.0259163
-0.0254785
-0.0250426
-0.0246085
-0.0241762
-0.0237459
-0.0233175
-0.022891
-0.0224665
-0.0220439
-0.0216234
-0.0212049
-0.0207885
-0.0203742
-0.0199619
-0.0195518
-0.0191437
-0.0187379
-0.0183342
-0.0179327
-0.0175334
-0.0171364
-0.0167416
-0.0163491
-0.0159588
-0.0155708
-0.0151852
-0.0148018
-0.0144209
-0.0140422
-0.013666
-0.0132921
-0.0129206
-0.0125515
-0.0121849
-0.0118207
-0.0114589
-0.0110996
-0.0107428
-0.0103884
-0.0100366
-0.00968722
-0.00934038
-0.00899605
-0.00865426
-0.00831501
-0.00797831
-0.00764416
-0.00731258
-0.00698357
-0.00665713
-0.00633329
-0.00601203
-0.00569337
-0.00537732
-0.00506388
-0.00475305
-0.00444484
-0.00413926
-0.00383631
-0.00353598
-0.0032383
-0.00294325
-0.00265085
-0.00236109
-0.00207398
-0.00178952
-0.00150772
-0.00122856
-0.000952066
-0.000678225
-0.000407041
-0.000138515
0.000127352
0.000390562
0.000651114
0.000909009
0.00116425
0.00141683
0.00166676
0.00191403
0.00215866
0.00240064
0.00263997
0.00287665
0.0031107
0.0033421
0.00357087
0.00379701
0.00402053
0.00424141
0.00445968
0.00467533
0.00488838
0.00509881
0.00530664
0.00551188
0.00571453
0.00591459
0.00611208
0.00630699
0.00649933
0.00668911
0.00687634
0.00706103
0.00724317
0.00742278
0.00759986
0.00777442
0.00794648
0.00811603
0.00828309
0.00844766
0.00860975
0.00876938
0.00892654
0.00908125
0.00923352
0.00938335
0.00953076
0.00967575
0.00981834
0.00995854
0.0100963
0.0102318
0.0103648
0.0104956
0.0106239
0.01075
0.0108737
0.0109951
0.0111141
0.0112309
0.0113455
0.0114577
0.0115677
0.0116755
0.011781
0.0118843
0.0119854
0.0120843
0.012181
0.0122755
0.0123679
0.0124581
0.0125461
0.0126321
0.0127159
0.0127977
0.0128773
0.0129549
0.0130304
0.0131039
0.0131754
0.0132448
0.0133122
0.0133776
0.013441
0.0135025
0.013562
0.0136195
0.0136752
0.0137289
0.0137807
0.0138307
0.0138787
0.0139249
0.0139693
0.0140118
0.0140525
0.0140914
0.0141285
0.0141639
0.0141975
0.0142293
0.0142594
0.0142878
0.0143145
0.0143395
0.0143628
0.0143844
0.0144044
0.0144228
0.0144396
0.0144547
0.0144683
0.0144803
0.0144907
0.0144996
0.0145069
0.0145128
0.0145171
0.0145199
0.0145213
0.0145212
0.0145197
0.0145167
0.0145124
0.0145066
0.0144994
0.0144909
0.014481
0.0144698
0.0144572
0.0144433
0.0144282
0.0144117
0.014394
0.014375
0.0143548
0.0143333
0.0143107
0.0142868
0.0142618
0.0142355
0.0142082
0.0141797
0.01415
0.0141193
0.0140874
0.0140545
0.0140205
0.0139854
0.0139493
0.0139122
0.013874
0.0138349
0.0137947
0.0137536
0.0137115
0.0136685
0.0136246
0.0135797
0.0135339
0.0134873
0.0134397
0.0133913
0.0133421
0.013292
0.0132411
0.0131893
0.0131368
0.0130835
0.0130294
0.0129746
0.012919
0.0128627
0.0128056
0.0127479
0.0126895
0.0126303
0.0125705
0.0125101
0.012449
0.0123873
0.012325
0.012262
0.0121985
0.0121344
0.0120697
0.0120044
0.0119386
0.0118723
0.0118055
0.0117381
0.0116703
0.0116019
0.0115331
0.0114639
0.0113941
0.011324
0.0112534
0.0111824
0.0111109
0.0110391
0.0109669
0.0108944
0.0108214
0.0107481
0.0106745
0.0106006
0.0105263
0.0104517
0.0103768
0.0103017
0.0102262
0.0101505
0.0100746
0.00999834
0.0099219
0.00984522
0.00976833
0.00969123
0.00961393
0.00953645
0.00945879
0.00938096
0.00930297
0.00922483
0.00914655
0.00906814
0.00898961
0.00891097
0.00883222
0.00875337
0.00867444
0.00859543
0.00851635
0.00843722
0.00835802
0.00827879
0.00819952
0.00812022
0.00804091
0.00796158
0.00788225
0.00780293
0.00772362
0.00764433
0.00756506
0.00748584
0.00740665
0.00732752
0.00724845
0.00716944
0.0070905
0.00701165
0.00693288
0.0068542
0.00677563
0.00669716
0.00661881
0.00654058
0.00646248
0.00638451
0.00630668
0.006229
0.00615147
0.0060741
0.0059969
0.00591986
0.00584301
0.00576634
0.00568985
0.00561357
0.00553748
0.0054616
0.00538593
0.00531048
