0.99005
0.9802
0.97045
0.9608
0.95125
0.941799
0.932449
0.923198
0.914047
0.904996
0.896044
0.887191
0.878438
0.869784
0.861229
0.852773
0.844416
0.836158
0.827997
0.819936
0.811972
0.804106
0.796338
0.788668
0.781095
0.773619
0.76624
0.758958
0.751772
0.744682
0.737688
0.73079
0.723988
0.71728
0.710668
0.70415
0.697726
0.691396
0.68516
0.679017
0.672968
0.667011
0.661146
0.655374
0.649693
0.644104
0.638606
0.633198
0.627881
0.622653
0.617515
0.612467
0.607507
0.602635
0.597852
0.593156
0.588548
0.584026
0.57959
0.575241
0.570977
0.566798
0.562704
0.558694
0.554768
0.550925
0.547165
0.543488
0.539893
0.536379
0.532946
0.529594
0.526322
0.52313
0.520017
0.516983
0.514027
0.511148
0.508347
0.505623
0.502975
0.500403
0.497906
0.495484
0.493137
0.490863
0.488662
0.486534
0.484479
0.482495
0.480582
0.478741
0.476969
0.475267
0.473634
0.47207
0.470574
0.469145
0.467783
0.466488
0.465259
0.464096
0.462997
0.461962
0.460992
0.460085
0.45924
0.458458
0.457737
0.457078
0.456479
0.45594
0.45546
0.45504
0.454678
0.454374
0.454127
0.453937
0.453803
0.453725
0.453702
0.453733
0.453819
0.453958
0.45415
0.454394
0.45469
0.455038
0.455436
0.455885
0.456383
0.456931
0.457527
0.458171
0.458862
0.459601
0.460385
0.461216
0.462092
0.463013
0.463978
0.464987
0.466039
0.467134
0.468271
0.46945
0.470669
0.471929
0.473229
0.474569
0.475948
0.477364
0.478819
0.480312
0.481841
0.483406
0.485007
0.486644
0.488315
0.490021
0.49176
0.493533
0.495339
0.497176
0.499046
0.500946
0.502878
0.50484
0.506831
0.508852
0.510901
0.512979
0.515084
0.517217
0.519377
0.521563
0.523774
0.526012
0.528274
0.53056
0.532871
0.535205
0.537562
0.539941
0.542343
0.544766
0.547211
0.549676
0.552161
0.554667
0.557191
0.559735
0.562297
0.564877
0.567475
0.57009
0.572722
0.57537
0.578034
0.580713
0.583408
0.586117
0.58884
0.591578
0.594328
0.597092
0.599868
0.602656
0.605457
0.608268
0.611091
0.613924
0.616767
0.619621
0.622483
0.625355
0.628236
0.631124
0.634021
0.636925
0.639837
0.642756
0.645681
0.648612
0.651549
0.654491
0.657438
0.660391
0.663347
0.666308
0.669272
0.67224
0.675211
0.678185
0.681161
0.684139
0.687119
0.690101
0.693084
0.696067
0.699051
0.702036
0.70502
0.708004
0.710987
0.71397
0.716951
0.719931
0.722909
0.725884
0.728858
0.731829
0.734797
0.737762
0.740723
0.743681
0.746635
0.749585
0.75253
0.755471
0.758406
0.761337
0.764262
0.767181
0.770095
0.773002
0.775903
0.778798
0.781686
0.784566
0.78744
0.790306
0.793164
0.796015
0.798857
0.801691
0.804517
0.807334
0.810142
0.812942
0.815731
0.818512
0.821283
0.824044
0.826795
0.829536
0.832267
0.834987
0.837697
0.840395
0.843083
0.84576
0.848425
0.851079
0.853721
0.856352
0.858971
0.861577
0.864172
0.866754
0.869324
0.871881
0.874426
0.876957
0.879476
0.881982
0.884474
0.886953
0.889419
0.891871
0.89431
0.896735
0.899146
0.901543
0.903926
0.906295
0.908649
0.91099
0.913315
0.915627
0.917923
0.920205
0.922473
0.924725
0.926963
0.929185
0.931392
0.933585
0.935762
0.937924
0.94007
0.942201
0.944317
0.946417
0.948501
0.95057
0.952624
0.954661
0.956683
0.958689
0.960679
0.962653
0.964612
0.966554
0.96848
0.970391
0.972285
0.974163
0.976025
0.977871
0.979701
0.981514
0.983312
0.985093
0.986858
0.988606
0.990339
0.992055
0.993755
0.995438
0.997105
0.998756
1.00039
1.00201
1.00361
1.0052
1.00677
1.00832
1.00986
1.01138
1.01288
1.01437
1.01584
1.0173
1.01874
1.02016
1.02157
1.02296
1.02433
1.02569
1.02703
1.02836
1.02967
1.03097
1.03224
1.03351
1.03475
1.03598
1.0372
1.0384
1.03958
1.04075
1.0419
1.04304
1.04416
1.04526
1.04635
1.04743
1.04849
1.04953
1.05056
1.05157
1.05257
1.05355
1.05452
1.05547
1.05641
1.05733
1.05824
1.05913
1.06001
1.06088
1.06172
1.06256
1.06338
1.06418
1.06497
1.06575
1.06651
1.06726
1.06799
1.06871
1.06942
1.07011
1.07079
1.07145
1.0721
1.07274
1.07336
1.07397
1.07457
1.07515
1.07572
1.07628
1.07682
1.07735
1.07787
1.07838
1.07887
1.07935
1.07981
1.08027
1.08071
1.08114
1.08155
1.08196
1.08235
1.08273
1.0831
1.08345
1.0838
1.08413
1.08445
1.08476
1.08506
1.08534
1.08562
1.08588
1.08613
1.08637
1.0866
1.08682
1.08703
1.08723
1.08742
1.08759
1.08776
1.08792
1.08806
1.0882
1.08832
1.08844
1.08854
1.08864
1.08872
1.0888
1.08886
1.08892
1.08897
1.08901
1.08904
1.08906
1.08907
1.08907
1.08906
1.08904
1.08902
1.08899
1.08894
1.08889
1.08883
1.08877
1.08869
1.08861
1.08852
1.08842
1.08831
1.0882
1.08808
1.08795
1.08781
1.08766
1.08751
1.08735
1.08719
1.08701
1.08683
1.08665
1.08645
1.08625
1.08605
1.08583
1.08561
1.08539
1.08515
1.08491
1.08467
1.08442
1.08416
1.0839
1.08363
1.08336
1.08308
1.08279
1.0825
1.08221
1.08191
1.0816
1.08129
1.08097
1.08065
1.08033
1.08
1.07966
1.07932
1.07898
1.07863
1.07827
1.07792
1.07756
1.07719
1.07682
1.07645
1.07607
1.07569
1.0753
1.07491
1.07452
1.07413
1.07373
1.07332
1.07292
1.07251
1.0721
1.07168
1.07126
1.07084
1.07042
1.06999
1.06956
1.06913
1.06869
1.06825
1.06781
1.06737
1.06693
1.06648
1.06603
1.06558
1.06513
1.06467
1.06422
1.06376
1.0633
1.06283
1.06237
1.0619
1.06144
1.06097
1.0605
1.06003
1.05956
1.05908
1.05861
1.05813
1.05765
1.05717
1.0567
1.05622
1.05574
1.05525
1.05477
1.05429
1.05381
1.05332
1.05284
1.05235
1.05187
1.05138
1.05089
1.05041
1.04992
1.04944
1.04895
1.04846
1.04798
1.04749
1.047
1.04652
1.04603
1.04555
1.04506
1.04457
1.04409
1.04361
1.04312
1.04264
1.04216
1.04167
1.04119
1.04071
1.04023
1.03975
1.03927
1.0388
1.03832
1.03784
1.03737
1.0369
1.03642
1.03595
1.03548
1.03501
1.03454
1.03408
1.03361
1.03315
1.03268
1.03222
1.03176
1.0313
1.03084
1.03039
1.02993
1.02948
1.02903
1.02858
1.02813
1.02769
1.02724
1.0268
1.02636
1.02592
1.02548
1.02504
1.02461
1.02418
1.02375
1.02332
1.02289
1.02247
1.02204
1.02162
1.0212
1.02079
1.02037
1.01996
1.01955
1.01914
1.01874
1.01833
1.01793
1.01753
1.01714
1.01674
1.01635
1.01596
1.01557
1.01519
1.0148
1.01442
1.01404
1.01367
1.01329
1.01292
1.01255
1.01218
1.01182
1.01146
1.0111
1.01074
1.01039
1.01004
1.00969
1.00934
1.009
1.00865
1.00832
1.00798
1.00764
1.00731
1.00698
1.00666
1.00633
1.00601
1.00569
1.00538
1.00506
1.00475
1.00444
1.00414
1.00384
1.00354
1.00324
1.00294
1.00265
1.00236
1.00207
1.00179
1.00151
1.00123
1.00095
1.00068
1.00041
1.00014
0.999873
0.999609
0.999349
0.999091
0.998836
0.998583
0.998333
0.998086
0.997841
0.997599
0.99736
0.997123
0.996889
0.996658
0.996429
0.996203
0.995979
0.995759
0.99554
0.995325
0.995112
0.994901
0.994693
0.994488
0.994285
0.994085
0.993888
0.993693
0.993501
0.993311
0.993124
0.992939
0.992757
0.992577
0.9924
0.992226
0.992054
0.991884
0.991717
0.991552
0.99139
0.991231
0.991073
0.990919
0.990766
0.990617
0.990469
0.990324
0.990182
0.990041
0.989904
0.989768
0.989635
0.989504
0.989376
0.98925
0.989126
0.989005
0.988886
0.988769
0.988655
0.988542
0.988432
0.988325
0.988219
0.988116
0.988015
0.987916
0.987819
0.987725
0.987632
0.987542
0.987454
0.987368
0.987284
0.987202
0.987123
0.987045
0.98697
0.986896
0.986825
0.986755
0.986688
0.986622
0.986559
0.986498
0.986438
0.98638
0.986325
0.986271
0.986219
0.986169
0.986121
0.986075
0.986031
0.985988
0.985947
0.985909
0.985871
0.985836
0.985803
0.985771
0.985741
0.985712
0.985686
0.985661
0.985637
0.985616
0.985596
0.985577
0.98556
0.985545
0.985532
0.98552
0.985509
0.9855
0.985493
0.985487
0.985483
0.98548
0.985479
0.985479
0.98548
0.985483
0.985488
0.985493
0.985501
0.985509
0.985519
0.98553
0.985543
0.985557
0.985572
0.985588
0.985606
0.985625
0.985645
0.985667
0.985689
0.985713
0.985738
0.985764
0.985792
0.98582
0.98585
0.985881
0.985913
0.985946
0.98598
0.986015
0.986051
0.986088
0.986126
0.986165
0.986205
0.986246
0.986288
0.986331
0.986375
0.98642
0.986466
0.986513
0.98656
0.986609
0.986658
0.986708
0.986759
0.986811
0.986863
0.986917
0.986971
0.987025
0.987081
0.987137
0.987194
0.987252
0.987311
0.98737
0.987429
0.98749
0.987551
0.987613
0.987675
0.987738
0.987802
0.987866
0.98793
0.987996
0.988061
0.988128
0.988195
0.988262
0.98833
0.988398
0.988467
0.988536
0.988606
0.988676
0.988747
0.988818
0.988889
0.988961
0.989033
0.989106
0.989179
0.989252
0.989325
0.989399
0.989474
0.989548
0.989623
0.989698
0.989774
0.989849
0.989925
0.990002
0.990078
0.990155
0.990232
0.990309
0.990386
0.990464
0.990541
0.990619
0.990697
0.990775
0.990853
0.990932
0.99101
0.991089
0.991168
0.991247
0.991326
0.991405
0.991484
0.991563
0.991642
0.991721
0.9918
0.99188
0.991959
0.992038
0.992118
0.992197
0.992276
0.992356
0.992435
0.992514
0.992593
0.992672
0.992752
0.992831
0.992909
0.992988
0.993067
0.993146
0.993224
0.993303
0.993381
0.993459
0.993538
0.993615
0.993693
0.993771
0.993849
0.993926
0.994003
0.99408
0.994157
0.994234
0.99431
0.994386
0.994463
0.994538
0.994614
0.99469
