4.975e-05
0.0001985
0.00044525
0.000789001
0.00122875
0.00176351
0.00239227
0.00311403
0.0039278
0.00483259
0.00582739
0.00691121
0.00808306
0.00934195
0.0106869
0.0121169
0.0136309
0.0152281
0.0169073
0.0186676
0.0205081
0.0224277
0.0244255
0.0265004
0.0286516
0.030878
0.0331787
0.0355528
0.0379991
0.0405168
0.043105
0.0457626
0.0484887
0.0512824
0.0541426
0.0570685
0.0600592
0.0631136
0.0662308
0.0694099
0.07265
0.0759501
0.0793093
0.0827267
0.0862014
0.0897324
0.0933188
0.0969598
0.100654
0.104402
0.108201
0.112051
0.115951
0.1199
0.123898
0.127943
0.132034
0.136172
0.140353
0.144579
0.148848
0.153159
0.157512
0.161905
0.166338
0.170809
0.175319
0.179865
0.184448
0.189067
0.19372
0.198408
0.203128
0.207881
0.212665
0.21748
0.222325
0.227199
0.232102
0.237032
0.241989
0.246972
0.251981
0.257014
0.26207
0.26715
0.272253
0.277377
0.282522
0.287687
0.292872
0.298075
0.303296
0.308535
0.313791
0.319062
0.324349
0.32965
0.334966
0.340294
0.345636
0.350989
0.356353
0.361729
0.367114
0.372508
0.377912
0.383323
0.388742
0.394168
0.3996
0.405038
0.410481
0.415929
0.42138
0.426835
0.432293
0.437752
0.443214
0.448676
0.454139
0.459602
0.465064
0.470525
0.475984
0.481442
0.486896
0.492348
0.497795
0.503239
0.508677
0.514111
0.519538
0.52496
0.530375
0.535782
0.541183
0.546575
0.551958
0.557332
0.562698
0.568053
0.573398
0.578732
0.584055
0.589366
0.594665
0.599952
0.605227
0.610488
0.615735
0.620969
0.626188
0.631392
0.636581
0.641755
0.646913
0.652055
0.65718
0.662288
0.667379
0.672453
0.677508
0.682546
0.687565
0.692565
0.697546
0.702507
0.707449
0.71237
0.717272
0.722152
0.727012
0.73185
0.736667
0.741463
0.746236
0.750987
0.755716
0.760421
0.765104
0.769764
0.7744
0.779013
0.783601
0.788166
0.792706
0.797221
0.801712
0.806178
0.810619
0.815034
0.819424
0.823788
0.828126
0.832438
0.836724
0.840984
0.845217
0.849423
0.853603
0.857755
0.86188
0.865978
0.870048
0.874091
0.878107
0.882094
0.886053
0.889985
0.893888
0.897763
0.901609
0.905428
0.909217
0.912978
0.91671
0.920413
0.924087
0.927733
0.931349
0.934936
0.938494
0.942022
0.945521
0.948991
0.952432
0.955842
0.959224
0.962575
0.965898
0.96919
0.972453
0.975686
0.978889
0.982062
0.985206
0.98832
0.991404
0.994458
0.997483
1.00048
1.00344
1.00638
1.00928
1.01216
1.015
1.01782
1.0206
1.02336
1.02609
1.02878
1.03145
1.03409
1.03669
1.03927
1.04182
1.04434
1.04683
1.04929
1.05172
1.05412
1.05649
1.05884
1.06115
1.06343
1.06569
1.06792
1.07011
1.07228
1.07442
1.07653
1.07862
1.08067
1.0827
1.08469
1.08666
1.0886
1.09052
1.0924
1.09426
1.09609
1.09789
1.09966
1.10141
1.10312
1.10482
1.10648
1.10812
1.10973
1.11131
1.11286
1.11439
1.11589
1.11737
1.11882
1.12024
1.12164
1.12301
1.12436
1.12568
1.12697
1.12824
1.12948
1.1307
1.13189
1.13306
1.1342
1.13532
1.13642
1.13748
1.13853
1.13955
1.14055
1.14152
1.14247
1.14339
1.1443
1.14517
1.14603
1.14686
1.14767
1.14846
1.14922
1.14996
1.15068
1.15138
1.15205
1.15271
1.15334
1.15395
1.15454
1.15511
1.15565
1.15618
1.15668
1.15717
1.15763
1.15807
1.1585
1.1589
1.15928
1.15965
1.15999
1.16032
1.16062
1.16091
1.16118
1.16142
1.16165
1.16187
1.16206
1.16224
1.16239
1.16253
1.16266
1.16276
1.16285
1.16292
1.16298
1.16301
1.16303
1.16304
1.16303
1.163
1.16295
1.16289
1.16282
1.16273
1.16262
1.1625
1.16236
1.16221
1.16205
1.16187
1.16167
1.16146
1.16124
1.161
1.16075
1.16049
1.16021
1.15992
1.15962
1.1593
1.15898
1.15863
1.15828
1.15792
1.15754
1.15715
1.15675
1.15633
1.15591
1.15547
1.15502
1.15457
1.1541
1.15362
1.15313
1.15263
1.15212
1.1516
1.15107
1.15053
1.14998
1.14942
1.14885
1.14827
1.14768
1.14709
1.14648
1.14587
1.14525
1.14462
1.14398
1.14333
1.14268
1.14202
1.14135
1.14067
1.13999
1.1393
1.1386
1.1379
1.13719
1.13647
1.13574
1.13501
1.13428
1.13353
1.13279
1.13203
1.13127
1.13051
1.12974
1.12896
1.12818
1.12739
1.1266
1.1258
1.125
1.1242
1.12339
1.12258
1.12176
1.12094
1.12011
1.11928
1.11845
1.11761
1.11677
1.11593
1.11509
1.11424
1.11338
1.11253
1.11167
1.11081
1.10995
1.10908
1.10822
1.10735
1.10648
1.1056
1.10473
1.10385
1.10297
1.10209
1.10121
1.10033
1.09945
1.09856
1.09768
1.09679
1.0959
1.09501
1.09412
1.09323
1.09234
1.09145
1.09056
1.08967
1.08878
1.08789
1.087
1.08611
1.08522
1.08433
1.08344
1.08255
1.08167
1.08078
1.07989
1.07901
1.07812
1.07724
1.07636
1.07547
1.07459
1.07371
1.07284
1.07196
1.07109
1.07021
1.06934
1.06847
1.06761
1.06674
1.06588
1.06502
1.06416
1.0633
1.06244
1.06159
1.06074
1.05989
1.05905
1.05821
1.05737
1.05653
1.05569
1.05486
1.05403
1.0532
1.05238
1.05156
1.05074
1.04993
1.04912
1.04831
1.0475
1.0467
1.0459
1.04511
1.04432
1.04353
1.04275
1.04196
1.04119
1.04041
1.03964
1.03888
1.03811
1.03736
1.0366
1.03585
1.0351
1.03436
1.03362
1.03288
1.03215
1.03143
1.0307
1.02998
1.02927
1.02856
1.02785
1.02715
1.02645
1.02576
1.02507
1.02439
1.02371
1.02303
1.02236
1.02169
1.02103
1.02037
1.01972
1.01907
1.01842
1.01778
1.01715
1.01652
1.01589
1.01527
1.01465
1.01404
1.01343
1.01283
1.01223
1.01164
1.01105
1.01047
1.00989
1.00932
1.00875
1.00818
1.00762
1.00707
1.00652
1.00597
1.00543
1.0049
1.00436
1.00384
1.00332
1.0028
1.00229
1.00178
1.00128
1.00078
1.00029
0.999806
0.999323
0.998846
0.998374
0.997906
0.997443
0.996985
0.996532
0.996084
0.995641
0.995202
0.994769
0.99434
0.993916
0.993497
0.993083
0.992673
0.992268
0.991868
0.991473
0.991083
0.990697
0.990316
0.98994
0.989569
0.989202
0.988841
0.988483
0.988131
0.987783
0.98744
0.987102
0.986768
0.986439
0.986114
0.985794
0.985479
0.985168
0.984862
0.98456
0.984263
0.983971
0.983683
0.983399
0.98312
0.982846
0.982575
0.98231
0.982048
0.981791
0.981539
0.98129
0.981046
0.980807
0.980572
0.980341
0.980114
0.979891
0.979673
0.979459
0.979249
0.979043
0.978841
0.978644
0.97845
0.978261
0.978075
0.977894
0.977717
0.977543
0.977374
0.977209
0.977047
0.976889
0.976736
0.976586
0.97644
0.976297
0.976159
0.976024
0.975893
0.975765
0.975642
0.975522
0.975405
0.975293
0.975183
0.975078
0.974976
0.974877
0.974782
0.97469
0.974602
0.974517
0.974436
0.974357
0.974283
0.974211
0.974143
0.974078
0.974016
0.973958
0.973902
0.97385
0.973801
0.973755
0.973712
0.973672
0.973635
0.973602
0.973571
0.973543
0.973518
0.973496
0.973476
0.97346
0.973446
0.973435
0.973427
0.973422
0.973419
0.973419
0.973421
0.973427
0.973434
0.973445
0.973458
0.973473
0.973491
0.973511
0.973534
0.973559
0.973587
0.973617
0.973649
0.973684
0.973721
0.97376
0.973801
0.973844
0.97389
0.973938
0.973988
0.97404
0.974094
0.97415
0.974208
0.974268
0.97433
0.974394
0.97446
0.974528
0.974598
0.974669
0.974743
0.974818
0.974895
0.974973
0.975054
0.975136
0.975219
0.975305
0.975392
0.97548
0.97557
0.975662
0.975755
0.975849
0.975945
0.976043
0.976142
0.976242
0.976344
0.976447
0.976551
0.976656
0.976763
0.976871
0.976981
0.977091
0.977203
0.977316
0.97743
0.977545
0.977661
0.977779
0.977897
0.978016
0.978137
0.978258
0.97838
0.978503
0.978628
0.978753
0.978878
0.979005
0.979133
0.979261
0.97939
0.97952
0.979651
0.979782
0.979914
0.980047
0.980181
0.980315
0.980449
0.980585
0.980721
0.980857
0.980994
0.981132
0.98127
0.981408
0.981547
0.981687
0.981827
0.981967
0.982108
0.982249
0.98239
0.982532
0.982674
0.982817
0.982959
0.983102
0.983246
0.983389
0.983533
0.983677
0.983821
0.983965
0.98411
0.984254
0.984399
0.984544
0.984689
0.984834
0.984979
0.985124
0.985269
0.985415
0.98556
0.985705
0.98585
0.985995
0.986141
0.986286
0.986431
0.986575
0.98672
0.986865
0.987009
0.987154
0.987298
0.987442
0.987586
0.987729
0.987873
0.988016
0.988159
0.988302
0.988444
0.988586
0.988728
0.98887
0.989011
0.989152
0.989293
0.989433
0.989574
0.989713
0.989853
0.989991
0.99013
0.990268
0.990406
0.990543
0.99068
0.990817
0.990953
0.991088
0.991223
0.991358
0.991492
0.991626
0.991759
0.991892
0.992024
0.992155
0.992286
0.992417
0.992547
0.992676
0.992805
0.992934
0.993062
0.993189
0.993315
0.993441
0.993567
0.993691
0.993816
0.993939
0.994062
0.994184
0.994306
0.994427
0.994548
0.994667
0.994786
0.994905
0.995022
0.995139
0.995256
0.995371
0.995486
0.995601
0.995714
0.995827
0.995939
0.996051
0.996162
0.996272
0.996381
0.99649
0.996597
0.996705
0.996811
0.996917
0.997021
0.997126
0.997229
0.997332
0.997433
0.997535
0.997635
0.997735
0.997833
0.997931
0.998029
0.998125
0.998221
0.998316
0.99841
0.998504
0.998596
0.998688
0.998779
0.998869
0.998959
0.999048
0.999136
0.999223
0.999309
0.999395
0.999479
0.999563
0.999647
0.999729
0.999811
0.999891
0.999971
1.00005
1.00013
1.00021
1.00028
1.00036
1.00043
1.00051
1.00058
1.00066
1.00073
1.0008
1.00087
1.00094
1.00101
1.00108
1.00114
1.00121
1.00128
1.00134
1.00141
1.00147
1.00153
1.00159
1.00165
1.00172
1.00177
1.00183
1.00189
1.00195
1.00201
1.00206
1.00212
1.00217
1.00222
